0.115100	-2.672804
0.115200	1.919555
0.115400	3.013857
0.115600	-2.798705
0.115700	-1.750969
0.115900	-0.785586
0.116100	-6.635659
0.116200	-2.734030
0.116400	1.162426
0.116600	2.421865
0.116700	0.315744
0.116900	1.593162
0.117100	-1.130089
0.117200	-0.689005
0.117400	7.032333
0.117600	7.321215
0.117700	4.018476
0.117900	2.637017
0.118100	1.051185
0.118200	-1.345672
0.118400	-0.303542
0.118600	3.351029
0.118700	2.522327
0.118900	-1.040406
0.119100	-0.494980
0.119200	1.295225
0.119400	1.894548
0.119600	0.821804
0.119800	2.231720
0.119900	4.449643
0.120100	3.275575
0.120300	5.238678
0.120400	10.080683
0.120600	18.583295
0.120800	33.186919
0.120900	61.355055
0.121100	107.619267
0.121300	175.786759
0.121400	150.692843
0.121800	193.766420
0.121900	151.425827
0.122100	59.932204
0.122300	18.872177
0.122400	8.575910
0.122600	2.672804
0.122800	2.619339
0.122900	1.556944
0.123100	1.126639
0.123300	2.662025
0.123400	2.554664
0.123600	1.973451
0.123800	4.591928
0.123900	5.523248
0.124100	6.424387
0.124300	5.454262
0.124400	2.866829
0.124600	2.098921
0.124800	1.908776
0.124900	1.456482
0.125100	1.090852
0.125300	0.792916
0.125500	0.681675
0.125600	1.036956
0.125800	0.617000
0.125900	0.706683
0.126100	0.918386
0.126300	1.349121
0.126500	1.270218
0.126600	1.015398
0.126800	0.581213
0.127000	0.133101
0.127100	-0.018945
0.127300	-0.394690
0.127500	-0.027625
0.127600	0.871820
0.127800	1.018847
0.128000	1.431474
0.128100	2.109700
0.128300	1.628949
0.128500	0.900708
0.128600	-0.069245
0.128800	-0.373132
0.129000	1.040406
0.129100	1.438804
0.129300	0.896827
0.129500	0.990390
0.129600	1.266337
0.129800	1.309454
0.130000	1.420695
0.130100	0.964952
0.130300	2.270956
0.130500	4.699720
0.130600	4.665226
0.130800	3.232890
0.131000	1.775977
0.131200	1.987680
0.131300	0.656667
0.131500	-0.017686
0.131700	0.983061
0.131800	0.088605
0.132000	-0.105851
0.132200	-0.319667
0.132300	0.239298
0.132500	0.365974
0.132700	0.513089
0.132800	1.341791
0.133000	0.893378
0.133200	1.872989
0.133300	3.946902
0.133500	8.287028
0.133700	11.085302
0.133800	7.247916
0.134000	3.264796
0.134200	0.839482
0.134300	-0.541977
0.134500	0.599322
0.134700	0.337992
0.134800	-0.025331
0.135000	0.067435
0.135200	-0.674345
0.135300	0.660117
0.135500	0.789467
0.135700	0.165741
0.135800	0.635109
0.136000	0.728241
0.136200	1.101632
0.136400	0.925715
0.136500	-0.074290
0.136700	0.135602
0.136800	0.814474
0.137000	0.119131
0.137200	0.444964
0.137300	0.681675
0.137500	-0.137758
0.137700	-0.134179
0.137900	0.186911
0.138000	0.538096
0.138200	0.265168
0.138400	-0.311087
0.138500	0.095805
0.138700	0.513089
0.138900	0.531198
0.139000	1.094302
0.139200	1.625499
0.139400	3.340250
0.139500	5.596547
0.139700	4.484136
0.139900	2.848720
0.140000	2.906065
0.140200	2.934953
0.140400	3.028085
0.140500	4.305633
0.140700	3.257897
0.140900	1.876438
0.141000	1.208992
0.141200	1.130089
0.141400	1.876438
0.141500	0.896827
0.141700	-0.494980
0.141900	0.210237
0.142000	-0.177598
0.142200	0.053465
0.142400	-0.311087
0.142600	0.066357
0.142700	1.126639
0.142900	0.692454
0.143100	-0.556205
0.143200	0.022352
0.143400	0.180831
0.143600	0.072479
0.143700	0.237530
0.143900	0.225328
0.144100	0.168974
0.144200	1.280997
0.144400	0.444964
0.144600	0.221361
0.144700	0.383911
0.144900	1.327563
0.145100	0.252578
0.145200	1.262888
0.145400	0.093305
0.145600	0.527317
0.145700	1.101632
0.145900	0.875269
0.146100	0.224983
0.146200	0.268358
0.146400	0.088605
0.146600	0.340493
0.146700	0.156082
0.146900	0.620880
0.147100	0.886048
0.147200	1.237880
0.147400	0.266935
0.147600	0.732121
0.147800	2.045025
0.147900	1.625499
0.148100	1.693624
0.148200	1.022728
0.148400	0.376711
0.148600	0.164706
0.148800	0.732121
0.148900	0.462642
0.149100	1.446134
0.149300	1.420695
0.149400	1.208992
0.149600	0.373132
0.149800	0.448414
0.149900	0.695903
0.150100	1.535817
0.150300	0.548876
0.150400	0.721342
0.150600	0.391068
0.150800	1.241330
0.150900	1.431474
0.151100	1.675515
0.151300	1.991129
0.151400	0.642439
0.151600	1.313334
0.151800	1.697073
0.151900	2.870278
0.152100	2.245949
0.152300	1.664736
0.152400	1.647058
0.152600	1.227101
0.152800	0.459193
0.152900	0.674345
0.153100	0.681675
0.153300	1.593162
0.153400	1.374129
0.153600	1.499599
0.153800	0.954172
0.154000	0.695903
0.154100	2.177824
0.154300	3.071202
0.154400	4.807511
0.154600	11.158600
0.154800	18.048648
0.154900	20.881415
0.155100	17.220807
0.155300	9.507231
0.155500	4.269415
0.155600	2.016568
0.155800	3.028085
0.156000	3.354479
0.156100	4.773018
0.156300	3.003078
0.156500	1.553494
0.156600	1.582383
0.156800	1.639728
0.157000	2.117030
0.157100	1.614720
0.157300	1.686294
0.157500	1.349121
0.157600	2.992299
0.157800	1.097751
0.158000	0.703233
0.158100	0.914936
0.158300	0.160006
0.158500	0.005631
0.158600	1.309454
0.158800	0.964952
0.159000	1.069294
0.159200	1.169756
0.159300	1.080073
0.159500	1.815644
0.159600	1.689743
0.159800	1.112411
0.160000	0.735571
0.160200	1.729411
0.160300	1.033507
0.160500	1.334893
0.160600	2.723250
0.160800	1.036956
0.161000	0.904157
0.161200	0.494980
0.161300	1.115860
0.161500	1.521157
0.161700	0.706683
0.161800	-0.069590
0.162000	0.437634
0.162200	0.749799
0.162300	0.821804
0.162500	0.800246
0.162700	0.394690
0.162800	0.477302
0.163000	1.094302
0.163200	1.403017
0.163300	2.009238
0.163500	2.023466
0.163700	3.587740
0.163800	7.855862
0.164000	12.736671
0.164200	12.917761
0.164300	8.218042
0.164500	4.018476
0.164700	2.296395
0.164800	0.925715
0.165000	0.778687
0.165200	0.893378
0.165400	2.045025
0.165500	4.054263
0.165700	6.890048
0.165800	6.924541
0.166000	5.738832
0.166200	4.233628
0.166400	3.659745
0.166500	2.856050
0.166700	1.366799
0.166900	1.499599
0.167000	1.535817
0.167200	1.259439
0.167400	1.585832
0.167500	0.861040
0.167700	0.307120
0.167900	0.732121
0.168000	0.214204
0.168200	-0.089338
0.168400	0.033510
0.168500	0.350539
0.168700	0.313588
0.168900	0.434185
0.169000	0.861040
0.169200	1.061964
0.169400	1.001170
0.169500	1.216322
0.169700	0.746350
0.169900	1.230550
0.170000	0.778687
0.170200	0.753249
0.170400	0.663566
0.170500	0.821804
0.170700	0.444964
0.170900	0.230717
0.171000	0.534647
0.171200	1.004619
0.171400	0.412627
0.171600	0.548876
0.171700	1.086972
0.171900	1.018847
0.172000	0.875269
0.172200	0.451863
0.172400	0.541977
0.172600	0.811025
0.172700	0.430563
0.172900	0.498860
0.173100	1.069294
0.173200	1.080073
0.173400	1.223652
0.173600	1.090852
0.173700	0.947274
0.173900	0.843363
0.174100	0.674345
0.174200	0.624330
0.174400	0.208814
0.174600	0.896827
0.174700	1.779426
0.174900	1.754418
0.175100	1.883768
0.175200	1.772527
0.175400	1.338342
0.175600	0.943824
0.175700	0.800246
0.175900	0.767908
0.176100	0.477302
0.176200	0.444964
0.176400	0.380332
0.176600	0.663566
0.176800	0.817924
0.176900	0.238220
0.177100	0.505759
0.177200	0.357006
0.177400	0.448414
0.177600	0.523868
0.177800	0.480751
0.177900	0.376711
0.178100	0.294228
0.178300	0.444964
0.178400	0.349116
0.178600	0.800246
0.178800	0.692454
0.178900	0.205580
0.179100	0.140992
0.179300	-0.113742
0.179400	-0.175787
0.179600	0.223905
0.179800	0.335103
0.179900	0.376711
0.180100	0.437634
0.180300	0.739020
0.180400	0.979611
0.180600	2.138588
0.180800	3.659745
0.180900	3.423034
0.181100	3.301014
0.181300	3.160885
0.181400	4.197841
0.181600	5.993220
0.181800	6.493374
0.181900	4.949796
0.182100	2.593900
0.182300	1.277116
0.182400	0.983061
0.182600	0.416205
0.182800	0.448414
0.183000	0.419784
0.183100	0.269824
0.183300	0.534647
0.183400	0.412627
0.183600	0.083603
0.183800	0.243997
0.184000	0.358084
0.184100	0.369553
0.184300	0.292417
0.184500	0.480751
0.184600	0.606221
0.184800	0.602771
0.185000	0.563104
0.185100	0.591992
0.185300	0.663566
0.185500	1.115860
0.185600	1.208992
0.185800	1.069294
0.186000	0.922266
0.186100	0.785586
0.186300	0.548876
0.186500	0.681675
0.186600	0.423363
0.186800	0.610101
0.187000	0.613551
0.187100	0.674345
0.187300	0.606221
0.187500	0.484200
0.187600	0.323979
0.187800	0.183332
0.188000	0.112664
0.188200	0.299963
0.188300	0.516538
0.188500	0.398269
0.188600	0.430563
0.188800	0.228907
0.189000	0.545426
0.189200	1.015398
0.189300	1.191314
0.189500	1.463812
0.189700	1.485370
0.189800	1.392238
0.190000	1.058515
0.190200	0.958053
0.190300	0.907606
0.190500	0.588543
0.190700	0.602771
0.190800	0.509639
0.191000	0.699784
0.191200	1.061964
0.191300	1.058515
0.191500	1.051185
0.191700	0.857591
0.191800	0.699784
0.192000	0.635109
0.192200	0.502309
0.192300	0.401848
0.192500	0.523868
0.192700	0.703233
0.192800	0.929165
0.193000	1.026177
0.193200	1.259439
0.193300	1.173205
0.193500	0.936495
0.193700	0.875269
0.193800	0.548876
0.194000	0.491530
0.194200	0.398269
0.194400	0.469972
0.194500	0.444964
0.194700	0.523868
0.194800	0.509639
0.195000	0.606221
0.195200	0.606221
0.195400	0.721342
0.195500	0.814474
0.195700	0.807144
0.195900	0.929165
0.196000	0.828703
0.196200	0.864490
0.196400	0.922266
0.196500	0.961502
0.196700	0.836033
0.196900	0.678226
0.197000	0.792916
0.197200	0.861040
0.197400	0.861040
0.197500	1.069294
0.197700	0.997289
0.197900	0.757129
0.198500	0.986510
0.198800	1.720356
0.199000	1.636279
0.199300	1.614289
0.199600	2.454633
0.199800	2.897442
0.200100	2.540436
0.200400	2.326577
0.200600	1.631105
0.200900	1.989835
0.201200	2.126946
0.201400	2.098058
0.201700	2.490851
0.202000	2.994454
0.202200	1.924729
0.202500	1.616876
0.202800	1.775977
0.203000	1.268493
0.203300	1.008931
0.203600	1.105081
0.203800	1.195626
0.204100	0.430563
0.204400	0.544564
0.204600	0.547582
0.204900	1.270218
0.205200	1.811763
0.205400	1.724237
0.205700	1.332737
0.206000	1.342654
0.206200	0.020166
0.206500	-0.850692
0.206800	-0.005312
0.207000	1.123190
0.207300	1.383184
0.207600	1.717338
0.207800	1.850568
0.208100	1.269355
0.208400	0.451863
0.208600	0.638558
0.208900	0.699784
0.209200	0.210970
0.209400	0.272109
0.209700	0.520850
0.210000	0.582507
0.210200	0.823960
0.210500	1.656975
0.210800	1.815644
0.211000	1.470710
0.211300	1.029195
0.211600	1.260301
0.211800	1.078780
0.212100	1.507360
0.212400	1.251246
0.212600	0.909331
0.212900	0.370976
0.213200	-0.173502
0.213400	-0.505328
0.213700	0.221879
0.214000	0.858022
0.214200	1.211148
0.214500	2.052786
0.214800	1.804002
0.215000	0.646750
0.215300	0.788604
0.215600	1.371111
0.215800	1.148198
0.216100	0.954172
0.216400	1.896703
0.216600	1.466399
0.216900	0.886479
0.217200	0.280345
0.217400	0.396458
0.217700	0.585094
0.218000	0.389990
0.218200	0.062519
0.218500	0.001507
0.218800	-0.010262
0.219000	-0.451863
0.219300	-0.706683
0.219600	0.100246
0.219800	0.565260
0.220100	0.634247
0.220400	1.041699
0.220600	1.651369
0.220900	1.788049
0.221200	1.826423
0.221400	2.096765
0.221700	2.204988
0.222000	2.949182
0.222200	2.315798
0.222500	2.183861
0.222800	2.074344
0.223000	1.786325
0.223300	1.140437
0.223600	1.099045
0.223800	0.783430
0.224100	1.082660
0.224400	1.182691
0.224600	1.365506
0.224900	1.897135
0.225200	3.016013
0.225400	3.112163
0.225700	2.808190
0.226000	2.661162
0.226200	2.603817
0.226500	2.912101
0.226800	2.846133
0.227000	3.399751
0.227300	3.070340
0.227600	2.832767
0.227800	1.922142
0.228100	2.186016
0.228400	1.841514
0.228600	2.446872
0.228900	2.384353
0.229200	2.663749
0.229400	2.577516
0.229700	3.089742
0.230000	3.453216
0.230300	3.412686
0.230500	3.814103
0.230800	3.439419
0.231000	3.119924
0.231300	2.562425
0.231600	2.938403
0.231800	2.469724
0.232100	3.074651
0.232400	3.365258
0.232600	3.864118
0.232900	4.389279
0.233200	5.031718
0.233400	5.609482
0.233700	6.506309
0.234000	7.278098
0.234200	7.959342
0.234500	8.282717
0.234800	8.006770
0.235000	7.519551
0.235300	7.002151
0.235600	6.829684
0.235900	6.954723
0.236100	7.226358
0.236400	7.153059
0.236700	6.989216
0.236900	6.765009
0.237200	6.631347
0.237500	6.872801
0.237700	8.666455
0.238000	10.016008
0.238300	10.046190
0.238500	10.123800
0.238800	9.882346
0.239100	8.567287
0.239300	7.985212
0.239600	7.592850
0.239800	7.743758
0.240100	8.218042
0.240400	8.373262
0.240700	8.187860
0.240900	8.174925
0.241200	7.342773
0.241500	5.738832
0.241700	4.540188
0.242000	3.571356
0.242300	3.011701
0.242500	2.796980
0.242800	3.012995
0.243100	3.382505
0.243300	3.698981
0.243600	3.666644
0.243900	3.724420
0.244100	3.821001
0.244400	3.586447
0.244700	3.385523
0.244900	3.382073
0.245200	3.367414
0.245500	3.420878
0.245700	3.518322
0.246000	3.331196
0.246300	3.436400
0.246500	3.490296
0.246800	3.540743
0.247100	3.856788
0.247300	4.867875
0.247600	5.393898
0.247900	6.040649
0.248100	6.307972
0.248400	6.299349
0.248700	5.803507
0.248900	5.695715
0.249200	5.186938
0.249500	4.949796
0.249700	4.613486
0.250000	4.406526
0.250300	4.233628
0.250500	4.479824
0.250800	4.785953
0.251100	5.087770
0.251300	5.174003
0.251600	4.967043
0.251900	4.885121
0.252100	4.712655
0.252400	4.665226
0.252700	4.570369
0.252900	4.626421
0.253200	4.798888
0.253500	5.036030
0.253700	5.217120
0.254000	5.290418
0.254300	5.462885
0.254500	5.001536
0.254800	4.432396
0.255100	3.842560
0.255300	3.584291
0.255600	3.318692
0.255900	3.576961
0.256100	3.874897
0.256400	3.993468
0.256700	3.921463
0.256900	3.921463
0.257200	3.828331
0.257500	3.713641
0.257700	4.137047
0.258000	5.143822
0.258300	5.769014
0.258500	5.855247
0.258800	6.243297
0.259100	6.635659
0.259300	7.920537
0.259600	9.054506
0.259900	9.636581
0.260100	10.317825
0.260400	11.167224
0.260700	10.964575
0.260900	11.188782
0.261200	12.305504
0.261500	13.068670
0.261700	13.370487
0.262000	13.775784
0.262300	14.961493
0.262500	15.737593
0.262800	15.293491
0.263100	13.374798
0.263300	10.710187
0.263600	7.441941
0.263900	4.548811
0.264100	2.770679
0.264400	2.563287
0.264700	2.647796
0.264900	2.409792
0.265200	2.248967
0.265500	2.305018
0.265700	2.322696
0.266000	2.521464
0.266300	2.833629
0.266500	3.065597
0.266800	3.132859
0.267100	3.188048
0.267300	2.881920
0.267600	2.603386
0.267900	2.373143
0.268100	2.426176
0.268400	2.312779
0.268700	2.437818
0.268900	2.571911
0.269200	2.728856
0.269500	2.592607
0.269700	2.594763
0.270000	2.550352
0.270300	2.611147
0.270600	2.800860
0.270800	3.176838
0.271100	3.558421
0.271300	3.763656
0.271600	3.889126
0.271900	4.090050
0.272200	4.311669
0.272400	4.613486
0.272700	5.251613
0.272900	5.790572
0.273200	6.428699
0.273500	6.915918
0.273800	7.334150
0.274000	7.640278
0.274300	8.446560
0.274500	8.709572
0.274800	8.688014
0.275100	8.662144
0.275400	8.554352
0.275600	7.549733
0.275900	6.566672
0.276100	5.928545
0.276400	5.260237
0.276700	4.557434
0.277000	4.255186
0.277200	4.040034
0.277500	3.878347
0.277700	3.692082
0.278000	3.763656
0.278300	4.324604
0.278500	5.859559
0.278800	10.783485
0.279100	19.971652
0.279400	31.621783
0.279600	38.283312
0.279900	46.393562
0.280100	46.350445
0.280400	37.994430
0.280700	26.214950
0.281000	18.867865
0.281200	9.140739
0.281500	4.240958
0.281800	3.341975
0.282000	3.232027
0.282300	3.272988
0.282600	3.418723
0.282800	3.354048
0.283100	3.435969
0.283400	3.517029
0.283600	3.531257
0.283900	3.785215
0.284200	4.111608
0.284400	4.449643
0.284700	5.411145
0.285000	6.316596
0.285200	6.402829
0.285500	6.277791
0.285800	5.941480
0.286000	5.044653
0.286300	4.233628
0.286600	4.047364
0.286800	3.975359
0.287100	4.018476
0.287400	4.233628
0.287600	4.484136
0.287900	4.678161
0.288200	4.604863
0.288400	4.484136
0.288700	4.122387
0.289000	3.695532
0.289200	3.321710
0.289500	3.292822
0.289800	3.277300
0.290000	3.310931
0.290300	3.273419
0.290600	3.432951
0.290800	3.567906
0.291100	3.735199
0.291400	3.821001
0.291600	4.162054
0.291900	4.505694
0.292200	5.195562
0.292400	5.803507
0.292700	5.984597
0.293000	5.984597
0.293200	5.876805
0.293500	5.462885
0.293800	5.053276
0.294000	5.139510
0.294300	5.109328
0.294600	5.074835
0.294800	5.333535
0.295100	5.626728
0.295400	5.639663
0.295600	5.583612
0.295900	5.652598
0.296200	5.389587
0.296400	5.174003
0.296700	5.247302
0.297000	5.432703
0.297200	5.380963
0.297500	5.462885
0.297800	5.639663
0.298000	5.669845
0.298300	5.695715
0.298600	5.738832
0.298800	5.562053
0.299100	5.230055
0.299400	5.014471
0.299600	4.936861
0.299900	4.773018
0.300200	4.751460
0.300400	4.669538
0.300700	4.600551
0.301000	4.492759
0.301200	4.626421
0.301500	4.686785
0.301800	4.794576
0.302000	4.686785
0.302300	4.505694
0.302600	4.428084
0.302800	4.305633
0.303100	4.162054
0.303400	4.212070
0.303600	4.354786
0.303900	4.311669
0.304200	4.233628
0.304400	4.363409
0.304700	4.591928
0.305000	4.708343
0.305200	5.057588
0.305500	5.454262
0.305800	5.462885
0.306000	5.316288
0.306300	5.346470
0.306600	4.992913
0.306800	4.643668
0.307100	4.449643
0.307400	4.354786
0.307600	4.183613
0.307900	4.183613
0.308200	4.226729
0.308400	4.449643
0.308700	4.656603
0.309000	4.729901
0.309200	4.712655
0.309500	4.906680
0.309800	4.893745
0.310100	4.936861
0.310300	5.087770
0.310600	5.096393
0.310800	4.988601
0.311100	5.010160
0.311400	4.880810
0.311700	4.785953
0.311900	5.010160
0.312200	5.053276
0.312400	5.186938
0.312700	5.389587
0.313000	5.432703
0.313300	5.311977
0.313500	5.281795
0.313800	5.074835
0.314000	4.988601
0.314300	5.152445
0.314600	5.411145
0.314900	5.562053
0.315100	5.781949
0.315400	5.868182
0.315600	5.868182
0.315900	5.704339
0.316200	5.596547
0.316400	5.574988
0.316700	5.652598
0.317000	5.725897
0.317300	5.971662
0.317500	6.243297
0.317800	6.342466
0.318000	6.601166
0.318300	6.967658
0.318600	7.075449
0.318900	7.554045
0.319100	7.898978
0.319400	7.985212
0.319600	7.963653
0.319900	7.692018
0.320200	7.368643
0.320500	7.269475
0.320700	7.019398
0.321000	6.752074
0.321200	6.976281
0.321500	6.872801
0.321800	6.549426
0.322100	6.657217
0.322300	6.773633
0.322600	6.924541
0.322900	6.808126
0.323100	6.752074
0.323400	6.609789
0.323700	6.450257
0.323900	5.993220
0.324200	5.756079
0.324500	5.825065
0.324700	6.135505
0.325000	6.743451
0.325300	7.519551
0.325500	8.554352
0.325800	8.545729
0.326100	8.230977
0.326300	7.131501
0.326600	6.549426
0.326900	5.682780
0.327100	6.105324
0.327400	7.010774
0.327700	8.890662
0.327900	9.903904
0.328200	10.973198
0.328500	10.684317
0.328700	10.141046
0.329000	9.472738
0.329300	10.037566
0.329500	10.175540
0.329800	10.705875
0.330100	11.361249
0.330300	10.899900
0.330600	9.602088
0.330900	8.985519
0.331100	8.662144
0.331400	8.243912
0.359000	8.239600
0.359500	6.407141
0.360000	5.359405
0.360500	7.459188
0.361000	7.368643
0.361500	8.356015
0.362000	9.067441
0.362500	10.977510
0.363000	11.059432
0.363500	10.274708
0.364000	10.360941
0.364500	10.710187
0.365000	11.296574
0.365500	9.364946
0.366000	11.253457
0.366500	9.847853
0.367000	8.381885
0.367500	8.838922
0.368000	9.839229
0.368500	10.593772
0.369000	12.452101
0.369500	15.414218
0.370000	14.776091
0.370500	17.673533
0.371000	15.319361
0.371500	13.883575
0.372000	13.499837
0.372500	14.504456
0.373000	12.305504
0.373500	13.680927
0.374000	16.190318
0.374500	17.229431
0.375000	17.328599
0.375500	18.031401
0.376000	23.507221
0.376500	23.692623
0.377000	24.731735
0.377500	26.262378
0.378000	26.344300
0.378500	23.002756
0.379000	23.494286
0.379500	24.442853
0.380000	23.847843
0.380500	24.037557
0.381000	23.903895
0.381500	21.209101
0.382000	20.092379
0.382500	23.791791
0.383000	24.654125
0.383500	26.555571
0.384000	28.375096
0.384500	28.457018
0.385000	23.317508
0.385500	23.149353
0.386000	22.692316
0.386500	23.153664
0.387000	22.679381
0.387500	24.593762
0.388000	34.113928
0.388500	33.225724
0.389000	32.333208
0.389500	34.501978
0.390000	35.515220
0.390500	28.012916
0.391000	28.439771
0.391500	29.970414
0.392000	27.840449
0.392500	59.199220
0.393000	58.336886
0.393500	56.914035
0.394000	57.603902
0.394500	60.449604
0.395000	27.279932
0.395500	27.413594
0.396000	61.484405
0.396500	62.950372
0.397000	64.416340
0.397500	69.547226
0.398000	71.271894
0.398500	43.547860
0.399000	45.013828
0.399500	45.746812
0.400000	46.221095
0.400500	49.497964
0.401000	50.575881
0.401500	51.136398
0.402000	50.317181
0.402500	47.428363
0.403000	47.988880
0.403500	45.919278
0.404000	48.247580
0.404500	50.662115
0.405000	55.448068
0.405500	53.464700
0.406000	56.310402
0.406500	55.879235
0.407000	55.620534
0.407500	55.448068
0.408000	57.905719
0.408500	58.250653
0.409000	63.769589
0.409500	64.545690
0.410000	63.554006
0.410500	62.303622
0.411000	62.389855
0.411500	58.380003
0.412000	58.164419
0.412500	58.724936
0.413000	60.622071
0.413500	59.587270
0.414000	59.371687
0.414500	60.880771
0.415000	63.855823
0.415500	64.459457
0.416000	66.572175
0.416500	65.709841
0.417000	65.925424
0.417500	64.890624
0.418000	63.640239
0.418500	63.597123
0.419000	62.648555
0.419500	61.139471
0.420000	58.897403
0.420500	56.094818
0.421000	49.627314
0.421500	41.655037
0.422000	33.540476
0.422500	29.793635
0.423000	29.263300
0.423500	32.277157
0.424000	38.675674
0.424500	41.547246
0.425000	43.504744
0.425500	45.746812
0.426000	47.299013
0.426500	45.531228
0.427000	51.438215
0.427500	55.146251
0.428000	50.877698
0.428500	52.904183
0.429000	56.051701
0.429500	56.353518
0.430000	54.844434
0.430500	60.708304
0.431000	61.225705
0.431500	62.950372
0.432000	65.882307
0.432500	71.530594
0.433000	100.763712
0.433500	102.100330
0.434000	106.282649
0.434500	104.213048
0.435000	101.151763
0.435500	75.367980
0.436000	76.100964
0.436500	74.678113
0.437000	75.669797
0.437500	73.643312
0.438000	72.608512
0.438500	72.565395
0.439000	75.023046
0.439500	72.910328
0.440000	79.852116
0.440500	82.309768
0.441000	86.147153
0.441500	84.983003
0.442000	91.019340
0.442500	85.500403
0.443000	92.657774
0.443500	94.425558
0.444000	100.073845
0.444500	93.821925
0.445000	98.823461
0.445500	95.719059
0.446000	97.831777
0.446500	98.392294
0.447000	109.430168
0.447500	115.768322
0.448000	116.673772
0.448500	115.423388
0.449000	118.053506
0.449500	119.519474
0.450000	118.872724
0.450500	121.632192
0.451000	125.340228
0.451500	125.469578
0.452000	124.348544
0.452500	118.139740
0.453000	119.476357
0.453500	117.924156
0.454000	117.320523
0.454500	116.803122
0.455000	129.393197
0.455500	132.971882
0.456000	140.129253
0.456500	147.329741
0.457000	150.606610
0.457500	147.372858
0.458000	144.656506
0.458500	140.948471
0.459000	136.809268
0.459500	140.431070
0.460000	147.027924
0.460500	151.770761
0.461000	156.686064
0.461500	159.617999
0.462000	155.953080
0.462500	149.399343
0.463000	142.888722
0.463500	136.766151
0.464000	132.713182
0.464500	134.524083
0.465000	140.387954
0.465500	145.173907
0.466000	144.311573
0.466500	143.276772
0.467000	142.241971
0.467500	137.412902
0.468000	135.774467
0.468500	140.215487
0.469000	144.785856
0.469500	149.097526
0.470000	150.908427
0.470500	150.261676
0.471000	148.838825
0.471500	149.140642
0.472000	148.666359
0.472500	149.054409
0.473000	150.951543
0.473500	153.667895
0.474000	155.866847
0.474500	157.419047
0.475000	153.667895
0.475500	145.475723
0.476000	135.602001
0.476500	126.073211
0.477000	115.250921
0.477500	112.534570
0.478000	116.027022
0.478500	122.494526
0.479000	127.496062
0.479500	131.807732
0.480000	131.462798
0.480500	131.980198
0.481000	129.306963
0.481500	127.108012
0.482000	127.237362
0.482500	132.109548
0.483000	135.602001
0.483500	136.248751
0.484000	137.412902
0.484500	136.723035
0.485000	159.186832
0.485500	158.496965
0.486000	160.394099
0.486500	161.428900
0.487000	165.309402
0.487500	144.311573
0.488000	145.044556
0.488500	149.313109
0.489000	152.115694
0.489500	155.953080
0.490000	161.601367
0.490500	167.637704
0.491000	167.680820
0.491500	172.423657
0.492000	179.667261
0.492500	181.003879
0.493000	182.038679
0.493500	189.584101
0.494000	196.957055
0.494500	187.902550
0.495000	174.407025
0.495500	162.291234
0.496000	152.978028
0.496500	140.517304
0.497000	141.379638
0.497500	150.175443
0.498000	155.565030
0.498500	156.254897
0.499000	149.959860
0.499500	145.648190
0.500000	142.155738
0.500500	135.343300
0.501000	135.170834
0.501500	140.301720
0.502000	143.449239
0.502500	146.467407
0.503000	152.374394
0.503500	156.470480
0.504000	155.866847
0.504500	155.565030
0.505000	159.531765
0.505500	162.593051
0.506000	160.997733
0.506500	170.138472
0.507000	170.914572
0.507500	167.810171
0.508000	167.896404
0.508500	166.775370
0.509000	159.402415
0.509500	158.928132
0.510000	161.170200
0.510500	168.543154
0.511000	170.224705
0.511500	171.388856
0.512000	171.259506
0.512500	171.259506
0.513000	164.748885
0.513500	165.093819
0.514000	166.689137
0.514500	167.422120
0.515000	174.579491
0.515500	183.677114
0.516000	171.949373
0.516500	160.825266
0.517000	151.943227
0.517500	137.757835
0.518000	128.229046
0.518500	137.283552
0.519000	146.467407
0.519500	147.588441
0.520000	141.810804
0.520500	149.959860
0.521000	160.868383
0.521500	168.758738
0.522000	193.421486
0.522500	217.868652
0.523000	221.878504
0.523500	223.042655
0.524000	223.689405
0.524500	218.127352
0.525000	215.885284
0.525500	204.200660
0.526000	190.446435
0.526500	195.232388
0.527000	197.991856
0.527500	200.363274
0.528000	215.109183
0.528500	235.158446
0.529000	234.382345
0.529500	239.642582
0.530000	241.798416
0.530500	241.324133
0.531000	237.961031
0.531500	240.375565
0.532000	228.906525
0.532500	227.354324
0.533000	225.715890
0.533500	227.311207
0.534000	226.578224
0.534500	239.513232
0.535000	242.100233
0.535500	245.420219
0.536000	244.385418
0.536500	252.146423
0.537000	257.579126
0.537500	262.537546
0.538000	268.444533
0.538500	272.799319
0.539000	276.766055
0.539500	268.573883
0.540000	258.570810
0.540500	261.718329
0.541000	268.013366
0.541500	266.418048
0.542000	266.116231
0.542500	273.532303
0.543000	274.092820
0.543500	275.946838
0.544000	258.829510
0.544500	246.153202
0.545000	233.994295
0.545500	218.774102
0.546000	204.028193
0.546500	209.460896
0.547000	219.162152
0.547500	229.682626
0.548000	234.296112
0.548500	240.548032
0.549000	237.357397
0.549500	232.269627
0.550000	226.836924
0.550500	218.774102
0.551000	212.608415
0.551500	216.014634
0.552000	220.757470
0.552500	219.205269
0.553000	222.913305
0.553500	222.525254
0.554000	222.999538
0.554500	223.473822
0.555000	229.639509
0.555500	235.029096
0.556000	240.548032
0.556500	245.075285
0.557000	250.551105
0.557500	254.647191
0.558000	250.206172
0.558500	248.179687
0.559000	235.330912
0.559500	227.914841
0.560000	221.792271
0.560500	223.904989
0.561000	220.886820
0.561500	231.493527
0.562000	228.604708
0.562500	229.251459
0.563000	228.734058
0.563500	230.717426
0.564000	234.339228
0.564500	245.937619
0.565000	251.801489
0.565500	257.018609
0.566000	257.147959
0.566500	256.414975
0.567000	255.595758
0.567500	257.234193
0.568000	257.449776
0.568500	265.555714
0.569000	269.694917
0.569500	273.230486
0.570000	276.938521
0.570500	283.578492
0.571000	285.260043
0.571500	289.744179
0.572000	291.468847
0.572500	294.357666
0.573000	296.772200
0.573500	302.291137
0.574000	309.405392
0.574500	319.149764
0.575000	318.847947
0.575500	312.337327
0.576000	308.068774
0.576500	301.558153
0.577000	293.581565
0.577500	293.754032
0.578000	303.110354
0.578500	311.776810
0.579000	320.831315
0.579500	332.257239
0.580000	339.500844
0.580500	333.636973
0.581000	323.030267
0.581500	310.871359
0.582000	299.186735
0.582500	291.900014
0.583000	293.236632
0.583500	298.539985
0.584000	294.012732
0.584500	284.570176
0.585000	270.988418
0.585500	257.492893
0.586000	241.755300
0.586500	232.312744
0.587000	221.964737
0.587500	205.106110
0.588000	175.872992
0.588500	146.812341
0.589000	127.927229
0.589500	122.839459
0.590000	126.849312
0.590500	148.838825
0.591000	172.854824
0.591500	187.686966
0.592000	194.197587
0.592500	202.950276
0.593000	210.366347
0.593500	217.523718
0.594000	222.007854
0.594500	227.914841
0.595000	227.354324
0.595500	224.637972
0.596000	223.473822
0.596500	224.206805
0.597000	224.637972
0.597500	230.113792
0.598000	235.934546
0.598500	244.212951
0.599000	253.439924
0.599500	257.751593
0.600000	259.519377
0.600500	264.305330
0.601000	262.666896
0.601500	265.728181
0.602000	273.791003
0.602500	282.284991
0.603000	284.225243
0.603500	291.555081
0.604000	298.798685
0.604500	299.574785
0.605000	301.040753
0.605500	304.705672
0.606000	309.319158
0.606500	309.060458
0.607000	312.164860
0.607500	314.924328
0.608000	319.365348
0.608500	323.763250
0.609000	328.419853
0.609500	323.633900
0.610000	327.126353
0.610500	333.335156
0.611000	325.919085
0.611500	318.158080
0.612000	329.109720
0.612500	325.401685
0.613000	322.081699
0.613500	332.041656
0.614000	329.713354
0.614500	318.632364
0.615000	299.057385
0.615500	269.436217
0.616000	236.581296
0.616500	220.196953
0.617000	207.218828
0.617500	205.278577
0.618000	206.399611
0.618500	205.321694
0.619000	203.553909
0.619500	199.845874
0.620000	200.794441
0.620500	200.018341
0.621000	198.078089
0.621500	190.618901
0.622000	182.728546
0.622500	175.140008
0.623000	173.674041
0.623500	173.329107
0.624000	181.909329
0.624500	189.109817
0.625000	194.413170
0.625500	205.580394
0.626000	212.565298
0.626500	217.825535
0.627000	220.067603
0.627500	227.957958
0.628000	233.476895
0.628500	240.763616
0.629000	249.473188
0.629500	263.270530
0.630000	275.601904
0.630500	287.458995
0.631000	302.248020
0.631500	312.897844
0.632000	323.073383
0.632500	331.438022
0.633000	339.543960
0.633500	347.046265
0.634000	359.851923
0.634500	363.085675
0.635000	359.851923
0.635500	354.117403
0.636000	347.736132
0.636500	337.819292
0.637000	328.635437
0.637500	324.410001
0.638000	319.106648
0.638500	321.736766
0.639000	328.031803
0.639500	348.081066
0.640000	370.976030
0.640500	391.068409
0.641000	402.925499
0.641500	410.815854
0.642000	412.626755
0.642500	414.049606
0.643000	406.849119
0.643500	419.439193
0.644000	415.817391
0.644500	424.095796
0.645000	432.460434
0.645500	443.670775
0.646000	449.275945
0.646500	467.384956
0.647000	471.265458
0.647500	464.366788
0.648000	472.990126
0.648500	454.881115
0.649000	445.395442
0.649500	449.707112
0.650000	462.642120
0.650500	467.384956
0.651000	490.667970
0.651500	510.070482
0.652000	523.436657
0.652500	537.665166
0.653000	558.361179
0.653500	563.966349
0.654000	564.397516
0.654500	554.480677
0.655000	551.031341
0.655500	613.981713
0.656000	608.376543
0.656500	596.303869
0.657000	590.267532
0.657500	583.368861
0.658000	509.208149
0.658500	501.447144
0.659000	507.483481
0.659500	513.088651
0.660000	508.345815
0.660500	503.171812
0.661000	503.171812
0.661500	494.979640
0.662000	484.200466
0.662500	477.732962
0.663000	464.366788
0.663500	457.468117
0.664000	452.725280
0.664500	438.065605
0.665000	421.939961
0.665500	412.626755
0.666000	407.237169
0.666500	401.502649
0.667000	405.426268
0.667500	398.613830
0.668000	393.224243
0.668500	379.944302
0.669000	373.131864
0.669500	369.898112
0.670000	378.176517
0.670500	376.020683
0.671000	365.974493
0.671500	355.109087
0.672000	345.149130
0.672500	333.464506
0.673000	332.257239
0.673500	342.777712
0.674000	341.225511
0.674500	341.009928
0.675000	342.087845
0.675500	343.036412
0.676000	341.311745
0.676500	350.797417
0.677000	356.187004
0.677500	352.306501
0.678000	346.615098
0.678500	341.656678
0.679000	336.094625
0.679500	332.041656
0.680000	337.388126
0.680500	343.295113
0.681000	344.717963
0.681500	344.933547
0.682000	346.270164
0.682500	347.304965
0.683000	346.140814
0.683500	350.840534
0.684000	353.427535
0.684500	349.374566
0.685000	343.769396
0.685500	341.225511
0.686000	315.527962
0.686500	303.757105
0.687000	305.136839
0.687500	303.024121
0.688000	298.755568
0.688500	319.580931
0.689000	326.695186
0.689500	326.738302
0.690000	339.630194
0.690500	354.376103
0.691000	353.858702
0.691500	371.364080
0.692000	388.567641
0.692500	402.925499
0.693000	413.316623
0.693500	444.533109
0.694000	461.779786
0.694500	471.265458
0.695000	478.164129
0.695500	491.961471
0.696000	497.135474
0.696500	499.722476
0.697000	508.776982
0.697500	519.124988
0.698000	521.711990
0.698500	524.298991
0.699000	528.179494
0.699500	532.491163
0.700000	536.802832
0.700500	550.600174
0.701000	564.397516
0.701500	571.296187
0.702000	594.148035
0.702500	612.688213
0.703000	633.384225
0.703500	662.272410
0.704000	697.628099
0.704500	677.794420
0.705000	645.888067
0.705500	602.771373
0.706000	556.636511
0.706500	518.693821
0.707000	518.262654
0.707500	529.472994
0.708000	508.345815
0.708500	488.512136
0.709000	464.797954
0.709500	442.808441
0.710000	430.908233
0.710500	454.449948
0.711000	478.164129
0.711500	484.200466
0.712000	466.953789
0.712500	440.221439
0.713000	413.704673
0.713500	385.333889
0.714000	368.130328
0.714500	383.566104
0.715000	394.302161
0.715500	403.270433
0.716000	409.393003
0.716500	417.283358
0.717000	417.973225
0.717500	424.440729
0.718000	434.185102
0.718500	445.826609
0.719000	445.395442
0.719500	439.359105
0.720000	439.790272
0.720500	444.964276
0.721000	450.569446
0.721500	471.696625
0.722000	494.979640
0.722500	507.052314
0.723000	513.950985
0.723500	518.693821
0.724000	532.922330
0.724500	543.701503
0.725000	565.259850
0.725500	580.350693
0.726000	601.046705
0.726500	603.202540
0.727000	613.119380
0.727500	624.760887
0.728000	633.815392
0.728500	641.576397
0.729000	659.254242
0.729500	668.739914
0.730000	671.758083
0.730500	689.004760
0.731000	703.664436
0.731500	710.994274
0.732000	729.965619
0.732500	748.505797
0.733000	762.303139
0.733500	766.183641
0.734000	780.412150
0.734500	782.567985
0.735000	787.310821
0.735500	786.879654
0.736000	801.539330
0.736500	811.025002
0.737000	827.840513
0.737500	842.069021
0.738000	853.710529
0.738500	856.297530
0.739000	854.572862
0.739500	855.435196
0.740000	856.728697
0.740500	860.609200
0.741000	866.214370
0.741500	878.718211
0.742000	886.910382
0.742500	892.946720
0.743000	901.570058
0.743500	907.175228
0.744000	906.744061
0.744500	911.055731
0.745000	913.642732
0.745500	910.193397
0.746000	916.660901
0.746500	920.541403
0.747000	921.403737
0.747500	927.008907
0.748000	933.045244
0.748500	931.751744
0.749000	942.099750
0.749500	948.136087
0.750000	950.291922
0.750500	957.621760
0.751000	967.538599
0.751500	965.382764
0.752000	964.951597
0.752500	967.538599
0.753000	970.125601
0.753500	977.455439
0.754000	984.354109
0.754500	991.252780
0.755000	999.013785
0.755500	999.444952
0.756000	992.115114
0.756500	995.133283
0.757000	996.857951
0.757500	994.702116
0.758000	969.263267
0.775500	756.697969
0.776000	756.697969
0.776500	773.513479
0.777000	782.136818
0.777500	780.843317
0.778000	783.430318
0.778500	785.586153
0.779000	780.843317
0.779500	789.466655
0.780000	806.282166
0.780500	825.253511
0.781000	833.014516
0.781500	844.656023
0.782000	834.308017
0.782500	827.840513
0.783000	817.492506
0.783500	817.061339
0.784000	818.786007
0.784500	833.014516
0.785000	845.087190
0.785500	851.554694
0.786000	855.435196
0.786500	860.178033
0.787000	866.214370
0.787500	870.094872
0.788000	880.011712
0.788500	889.928551
0.789000	895.533721
0.789500	900.707724
0.790000	892.515553
0.790500	886.048049
0.791000	883.461047
0.791500	883.892214
0.792000	885.185715
0.792500	902.863559
0.793000	915.367400
0.793500	920.541403
0.794000	922.266071
0.794500	930.889410
0.795000	933.476411
0.795500	941.668583
0.796000	955.034758
0.796500	969.263267
0.797000	970.556768
0.797500	974.868437
0.798000	977.024272
0.798500	975.299604
0.799000	970.556768
0.799500	978.317772
0.800000	983.922943
0.800500	992.977448
0.801000	1000.307286
0.801500	1012.379960
0.802000	1020.572132
0.802500	1031.351305
0.803000	1035.662975
0.803500	1039.543477
0.804000	1045.579814
0.804500	1053.771986
0.805000	1059.377156
0.805500	1066.706994
0.806000	1069.293995
0.806500	1077.055000
0.807000	1080.504336
0.807500	1081.797836
0.808000	1079.642002
0.808500	1086.971840
0.809000	1091.283509
0.809500	1092.145843
0.810000	1095.595178
0.810500	1099.906848
0.811000	1099.906848
0.811500	1099.044514
0.812000	1093.870511
0.812500	1077.917334
0.813000	1069.725162
0.813500	1059.808323
0.814000	1041.699312
0.814500	1026.177302
0.815000	1017.553963
0.815500	1001.169620
0.816000	987.803445
0.816500	994.270949
0.817000	982.198275
0.817500	939.512748
0.818000	939.081581
0.818500	884.323381
0.819000	861.471533
0.819500	892.946720
0.820000	956.328259
0.820500	985.647610
0.821000	1060.670657
0.821500	1068.000495
0.822000	1015.829296
0.822500	1007.205957
0.823000	1006.343623
0.823500	1014.104628
0.824000	1055.065487
0.824100	1096.026345
0.824600	1104.218517
0.825100	1101.200348
0.825500	1087.403007
0.826000	1099.906848
0.826400	1115.428857
0.826900	1103.787350
0.827400	1083.522504
0.827800	1077.055000
0.828300	1071.880997
0.828700	1063.688825
0.829200	1061.101824
0.829600	1067.569328
0.830100	1062.395324
0.830600	1052.047318
0.831000	1064.119992
0.831500	1071.449830
0.831900	1061.101824
0.832400	1047.304482
0.832900	1042.992812
0.833300	1055.496654
0.833800	1077.486167
0.834200	1086.971840
0.834700	1078.348501
0.835200	1078.348501
0.835600	1082.229003
0.836100	1077.055000
0.836500	1081.797836
0.837000	1087.403007
0.837400	1062.826491
0.837900	1028.333137
0.838400	1015.398129
0.838800	1029.626637
0.839300	1058.945989
0.839700	1085.678339
0.840200	1098.182180
0.840700	1096.457512
0.841100	1085.247172
0.841600	1077.055000
0.842000	1073.605665
0.842500	1051.616151
0.843000	1024.452634
0.843400	997.289117
0.843900	1000.738453
0.844300	1028.764304
0.844800	1024.883801
0.845200	1015.398129
0.845700	1008.930625
0.846200	1001.169620
0.846600	987.803445
0.847100	990.821613
0.847500	1009.792959
0.848000	1018.847464
0.848500	1030.920138
0.848900	1026.177302
0.849400	1007.637124
0.849800	997.289117
0.850300	1005.481289
0.850800	1004.187788
0.851200	981.767108
0.851700	975.730771
0.852100	987.803445
0.852600	1005.481289
0.853000	995.995617
0.853500	969.694434
0.854000	934.769912
0.854400	941.668583
0.854900	999.444952
0.855300	1031.351305
0.855800	1031.351305
0.856300	1031.782472
0.856700	1037.818809
0.857200	1043.423979
0.857600	1039.974644
0.858100	1042.130479
0.858600	1050.753817
0.859000	1048.597983
0.859500	1048.597983
0.859900	1061.101824
0.860400	1049.460316
0.860800	1044.286313
0.861300	1042.561646
0.861800	1046.442148
0.862200	1052.047318
0.862700	1050.753817
0.863100	1047.735649
0.863600	1054.203153
0.864100	1058.083655
0.864500	1051.184984
0.865000	1042.561646
0.865400	1023.590300
0.865900	992.115114
0.866400	982.198275
0.866800	1016.260463
0.867300	1037.818809
0.867700	1037.387642
0.868200	1026.608469
0.868600	1002.463121
0.869100	997.720284
0.869600	1017.985130
0.870000	1044.286313
0.870500	1050.753817
0.870900	1038.681143
0.871400	1030.057804
0.871900	1035.662975
0.872300	1049.460316
0.872800	1055.496654
0.873200	1053.771986
0.873700	1056.358987
0.874200	1072.743331
0.874600	1076.192666
0.875100	1081.366670
0.875500	1082.660170
0.876000	1085.247172
0.876400	1088.265340
0.876900	1086.971840
0.877400	1089.990008
0.877800	1092.577010
0.878300	1106.805519
0.878700	1105.943185
0.879200	1106.805519
0.879700	1093.439344
0.880100	1069.725162
0.880600	1067.138161
0.881000	1105.080851
0.881500	1128.795032
0.882000	1104.218517
0.882400	1087.403007
0.882900	1107.236686
0.883300	1140.436539
0.883800	1141.298873
0.884200	1130.519700
0.884700	1125.776864
0.885200	1131.813201
0.885600	1117.584692
0.886100	1079.642002
0.886500	1058.514822
0.887000	1045.579814
0.887500	1044.286313
0.887900	1066.275827
0.888400	1075.330332
0.888800	1078.348501
0.889300	1068.862828
0.889800	1075.330332
0.890200	1095.595178
0.890700	1092.577010
0.891100	1091.714676
0.891600	1090.421175
0.892000	1091.714676
0.892500	1096.888679
0.893000	1095.595178
0.893400	1086.971840
0.893900	1080.073169
0.894300	1071.880997
0.894800	1063.257658
0.895300	1061.532991
0.895700	1060.239490
0.896200	1046.873315
0.896600	1039.974644
0.897100	1042.992812
0.897600	1052.047318
0.898000	1048.597983
0.898500	1012.811127
0.898900	994.702116
0.899400	1014.104628
0.899800	1028.764304
0.900300	1029.195471
0.900800	1037.387642
0.901200	1032.213639
0.901700	1020.572132
0.902100	1022.296800
0.902600	1039.974644
0.903100	1082.660170
0.903500	1113.704190
0.904000	1122.758695
0.904400	1126.639198
0.904900	1129.657366
0.905400	1121.034027
0.905800	1114.135356
0.906300	1103.787350
0.906700	1075.761499
0.907200	1069.725162
0.907600	1072.312164
0.908100	1071.880997
0.908600	1057.221321
0.909000	1064.982326
0.909500	1082.660170
0.909900	1089.558841
0.910400	1089.127674
0.910900	1102.062682
0.911300	1113.704190
0.911800	1097.751013
0.912200	1103.787350
0.912700	1102.925016
0.913200	1080.935503
0.913600	1079.642002
0.914100	1110.254854
0.914500	1123.621029
0.915000	1091.714676
0.915400	1078.348501
0.915900	1110.254854
0.916400	1138.280705
0.916800	1122.758695
0.917300	1104.218517
0.917700	1112.841856
0.918200	1132.675535
0.918700	1149.059878
0.919100	1147.335210
0.919600	1158.545551
0.920000	1164.581888
0.920500	1152.940381
0.921000	1132.675535
0.921400	1131.813201
0.921900	1141.730040
0.922300	1147.766377
0.922800	1140.867706
0.923200	1124.052196
0.923700	1121.465194
0.924200	1125.776864
0.924600	1127.501531
0.925100	1127.501531
0.925500	1132.675535
0.926000	1142.592374
0.926500	1154.665048
0.926900	1149.491045
0.971300	1185.277901
0.972400	1185.277901
0.973600	1183.122066
0.974700	1187.864902
0.975800	1175.792228
0.977000	1164.581888
0.978100	1157.683217
0.979300	1155.096215
0.980400	1168.893557
0.981600	1182.690899
0.982700	1164.581888
0.983800	1154.233881
0.985000	1165.013055
0.986100	1165.013055
0.987300	1163.719554
0.988400	1165.444222
0.989600	1135.693703
0.990700	1087.403007
0.991800	1055.496654
0.993000	1047.304482
0.994100	1077.055000
0.995300	1111.979522
0.996400	1117.153525
0.997500	1120.602860
0.998700	1128.795032
0.999800	1129.657366
1.001000	1138.280705
1.002100	1164.150721
1.003200	1191.745405
1.004400	1208.992082
1.005500	1198.212909
1.006700	1157.252050
1.007800	1126.639198
1.008900	1124.052196
1.010100	1128.363865
1.011200	1125.345697
1.012300	1118.015859
1.013500	1102.493849
1.014600	1086.971840
1.015800	1077.055000
1.016900	1067.569328
1.018000	1064.551159
1.019200	1068.862828
1.020300	1070.156329
1.021400	1068.862828
1.022600	1065.413493
1.023700	1055.496654
1.024800	1049.891483
1.026000	1046.442148
1.027100	1044.717480
1.028300	1047.735649
1.029400	1052.909652
1.030500	1051.616151
1.031700	1049.891483
1.032800	1042.130479
1.033900	1021.434466
1.035100	1011.086459
1.036200	1031.351305
1.037300	1063.688825
1.038500	1069.293995
1.039600	1057.221321
1.040700	1058.083655
1.041900	1065.844660
1.043000	1073.605665
1.044100	1086.109506
1.045300	1096.457512
1.046400	1092.577010
1.047500	1077.917334
1.048700	1061.101824
1.049800	1052.478485
1.050900	1051.184984
1.052100	1049.891483
1.053200	1050.753817
1.054300	1054.634320
1.055500	1045.148647
1.056600	1036.094142
1.057700	1040.405811
1.058800	1039.112310
1.060000	1034.800641
1.061100	1036.094142
1.062200	1032.644806
1.063400	1029.195471
1.064500	1031.351305
1.065600	1022.296800
1.066800	1016.260463
1.067900	1036.956475
1.069000	1053.340819
1.070100	1048.597983
1.071300	1037.818809
1.072400	1022.727967
1.073500	1014.535795
1.074700	1020.572132
1.075800	1021.434466
1.076900	1014.104628
1.078000	1016.260463
1.079200	1012.379960
1.080300	1010.224125
1.081400	1021.003299
1.082600	1021.434466
1.083700	1012.811127
1.084800	1018.416297
1.085900	1024.883801
1.087100	1027.039636
1.088200	1031.782472
1.089300	1024.883801
1.090400	1020.572132
1.091600	1036.094142
1.092700	1033.507140
1.093800	1024.883801
1.094900	1032.213639
1.096100	1021.434466
1.097200	1005.481289
1.098300	1012.379960
1.099400	1005.481289
1.100600	993.839782
1.101700	999.876119
1.102800	993.408615
1.103900	978.317772
1.105100	979.611273
1.106200	973.143769
1.107300	964.951597
1.108400	978.748939
1.109600	982.198275
1.110700	975.730771
1.111800	984.354109
1.112900	985.216443
1.114000	988.665779
1.115200	1003.325455
1.116300	986.941111
1.117400	964.951597
1.118500	972.281435
1.119700	980.042440
1.120800	978.748939
1.121900	980.042440
1.123000	959.346427
1.124100	943.824418
1.125300	948.136087
1.126400	943.393251
1.127500	934.338745
1.128600	952.016589
1.129700	937.788081
1.130900	942.099750
1.132000	1010.224125
1.133100	1049.460316
1.134200	982.629442
1.135300	894.671387
1.136500	855.435196
1.137600	851.554694
1.138700	851.985861
1.139800	832.583349
1.140900	830.427514
1.142100	883.029880
1.143200	940.806249
1.144300	958.052927
1.145400	961.071095
1.146500	942.530917
1.147600	931.751744
1.148800	952.016589
1.149900	966.676265
1.151000	964.951597
1.152100	974.868437
1.153200	967.969766
1.154700	977.886605
1.155900	983.060609
1.157000	980.473607
1.158200	976.593105
1.159300	976.161938
1.160500	980.042440
1.161600	980.473607
1.162800	977.024272
1.163900	969.694434
1.165000	969.694434
1.166200	975.299604
1.167300	982.629442
1.168500	975.730771
1.169600	961.071095
1.170700	949.860755
1.171900	950.723089
1.173000	959.777594
1.174200	974.868437
1.175300	976.161938
1.176500	958.052927
1.177600	930.027076
1.178700	917.954402
1.179900	926.577740
1.181000	945.117919
1.182100	951.585423
1.183300	945.117919
1.184400	937.356914
1.185600	937.356914
1.186700	939.943915
1.187800	940.375082
1.189000	932.614077
1.190100	925.715406
1.191200	922.266071
1.192400	923.128405
1.193500	924.853073
1.194700	927.440074
1.195800	920.972570
1.196900	906.312894
1.198100	894.240220
1.199200	892.946720
1.200300	900.707724
1.201500	914.073899
1.202600	921.834904
1.203700	918.816736
1.204900	908.899896
1.206000	902.432392
1.207100	905.881728
1.208300	917.954402
1.209400	920.972570
1.210500	913.642732
1.211700	900.276557
1.212800	892.946720
1.213900	894.240220
1.215100	901.138891
1.216200	903.294726
1.217300	901.138891
1.218500	896.827222
1.219600	892.515553
1.220700	891.222052
1.221800	894.671387
1.223000	894.240220
1.224100	891.222052
1.225200	885.185715
1.226400	883.892214
1.227500	886.479216
1.228600	889.497384
1.229700	886.479216
1.230900	880.442878
1.232000	870.957206
1.233100	864.920869
1.234300	866.645537
1.235400	871.819540
1.236500	872.681874
1.237600	868.801371
1.238800	858.022198
1.239900	851.554694
1.241000	850.692360
1.242100	852.848195
1.243300	849.830026
1.244400	845.518357
1.245500	842.069021
1.246600	845.087190
1.247800	849.830026
1.248900	854.572862
1.250000	853.710529
1.251100	847.674192
1.252300	836.895018
1.253400	830.858681
1.254500	838.619686
1.255600	853.710529
1.256800	862.765034
1.257900	862.333867
1.259000	855.866363
1.260100	853.279362
1.261200	857.159864
1.262400	861.902700
1.263500	861.040366
1.264600	854.141696
1.265700	843.362522
1.266800	841.206688
1.268000	845.518357
1.269100	844.656023
1.270200	837.326185
1.271300	833.445683
1.272400	833.876850
1.273600	837.326185
1.274700	839.482020
1.275800	843.362522
1.276900	849.398859
1.278000	853.710529
1.279100	849.398859
1.280300	845.087190
1.281400	842.500188
1.282500	835.601517
1.283600	831.289848
1.284700	834.739183
1.285800	833.445683
1.287000	831.721015
1.288100	830.427514
1.289200	828.271679
1.290300	822.666509
1.291400	817.492506
1.292500	810.593835
1.293600	814.474338
1.294800	820.510675
1.295900	821.804175
1.297000	822.235342
1.298100	820.079508
1.299200	811.887336
1.300300	810.162668
1.301400	813.612004
1.302500	817.492506
1.303700	821.804175
1.304800	820.079508
1.305900	811.025002
1.307000	809.300334
1.308100	811.456169
1.309200	813.180837
1.310300	813.180837
1.311400	804.557498
1.312500	783.861485
1.313700	776.100481
1.314800	779.549816
1.315900	786.879654
1.317000	802.401663
1.318100	815.767838
1.319200	813.180837
1.320300	811.456169
1.321400	812.318503
1.322500	811.025002
1.323600	815.767838
1.324700	815.767838
1.325800	808.869167
1.327000	811.456169
1.328100	813.180837
1.329200	805.850999
1.330300	804.126331
1.331400	797.658827
1.332500	780.843317
1.333600	774.806980
1.334700	773.513479
1.335800	768.339476
1.336900	770.495310
1.338000	773.513479
1.339100	769.632977
1.340200	770.064143
1.341300	767.477142
1.342400	769.632977
1.343500	780.412150
1.344600	782.136818
1.345700	777.825148
1.346800	786.879654
1.347900	784.292652
1.349000	778.256315
1.350100	781.274484
1.351200	781.274484
1.352300	776.531647
1.353400	786.448487
1.354500	781.274484
1.437500	742.900627
1.439800	743.331794
1.442000	750.230465
1.444300	749.799298
1.446600	740.313625
1.448800	738.157790
1.451100	740.313625
1.453400	738.157790
1.455600	736.864290
1.457900	734.277288
1.460100	723.929282
1.462400	718.324111
1.464700	719.617612
1.466900	719.617612
1.469200	717.892944
1.471400	717.030611
1.473700	713.150108
1.476000	708.407272
1.478200	705.820270
1.480500	703.233269
1.482700	706.251437
1.485000	712.287774
1.487200	714.874776
1.489500	712.718941
1.491800	709.700773
1.494000	706.251437
1.496300	705.389103
1.498500	704.957936
1.500800	701.939768
1.503000	700.215100
1.505300	700.215100
1.507600	696.765765
1.509800	693.747596
1.512100	692.885262
1.514300	687.280092
1.516600	682.968423
1.518800	685.986591
1.521100	692.022928
1.523400	694.178763
1.525600	691.160595
1.527900	685.124258
1.530100	681.674922
1.532400	680.812588
1.534600	677.363253
1.536900	673.051583
1.539100	670.033415
1.541400	664.428245
1.543600	663.134744
1.545900	667.877580
1.548200	672.620416
1.550400	674.345084
1.552700	674.776251
1.554900	673.051583
1.557200	672.189250
1.559400	675.207418
1.561700	676.069752
1.563900	675.207418
1.566200	678.656754
1.568400	680.812588
1.570700	678.656754
1.572900	676.932086
1.575200	678.656754
1.577400	681.674922
1.579700	682.968423
1.581900	679.950254
1.584200	678.656754
1.586400	682.537256
1.588700	687.280092
1.590900	687.711259
1.593200	685.124258
1.595400	681.243755
1.597700	680.381421
1.599900	679.087920
1.602200	672.189250
1.604400	664.859412
1.606700	662.703577
1.608900	663.997078
1.611200	663.565911
1.613400	658.391908
1.615700	650.199736
1.617900	645.888067
1.620200	645.025733
1.622400	640.714063
1.624700	636.402394
1.626900	635.971227
1.629200	635.540060
1.631400	638.558229
1.633700	642.438731
1.635900	644.594566
1.638200	650.630903
1.640400	657.960741
1.642700	656.667240
1.644900	649.768569
1.647100	645.456900
1.649400	642.438731
1.651600	642.438731
1.653900	643.301065
1.656100	640.282896
1.658400	635.108893
1.660600	631.659558
1.662900	629.072556
1.665100	629.503723
1.667400	629.072556
1.669600	620.018051
1.671800	610.101211
1.674100	605.358375
1.676300	605.789542
1.678600	616.568715
1.680800	630.797224
1.683100	632.953059
1.685300	626.054388
1.687500	615.275214
1.689800	604.927208
1.692000	603.202540
1.694300	607.514209
1.696500	607.945376
1.698800	607.514209
1.701000	607.083043
1.703200	601.046705
1.705500	595.010368
1.707700	588.974031
1.710000	578.626025
1.712200	574.745523
1.714400	576.470190
1.716700	574.314356
1.718900	573.020855
1.721200	573.883189
1.723400	570.865020
1.725600	569.140352
1.727900	570.002686
1.730100	568.709185
1.732400	570.433853
1.734600	573.883189
1.736800	570.865020
1.739100	566.553351
1.741300	560.948181
1.743600	553.187176
1.745800	552.324842
1.748000	552.324842
1.750300	542.408002
1.752500	535.509332
1.754800	531.628829
1.757000	524.730158
1.759200	523.436657
1.761500	525.592492
1.763700	521.711990
1.765900	518.262654
1.768200	515.244486
1.770400	510.501649
1.772600	513.950985
1.774900	515.675653
1.777100	507.914648
1.779400	502.740645
1.781600	500.584810
1.783800	494.548473
1.786100	489.805637
1.788300	487.218635
1.790500	483.769300
1.792800	486.356301
1.795000	489.805637
1.797200	486.356301
1.799500	486.356301
1.801700	481.182298
1.803900	470.403125
1.806200	469.109624
1.808400	473.852460
1.810600	472.127792
1.812900	476.008295
1.815100	482.044632
1.817300	482.906966
1.819600	481.182298
1.821800	472.990126
1.824000	460.486285
1.826300	460.055118
1.828500	459.192784
1.830700	450.569446
1.833000	456.174616
1.835200	465.229121
1.837400	465.660288
1.839700	459.192784
1.841900	447.551277
1.844100	438.927938
1.846400	442.808441
1.848600	440.652606
1.850800	425.863580
1.853000	423.362812
1.995200	325.186101
1.997400	333.852557
1.999600	345.149130
2.001900	347.736132
2.004100	335.059824
2.006400	323.245850
2.008600	323.892601
2.010800	327.557519
2.013100	327.298819
2.015300	321.995466
2.017500	315.096795
2.019800	311.431876
2.022000	312.121743
2.024300	312.596027
2.026500	312.682260
2.028700	314.320695
2.031000	316.131596
2.033200	317.640680
2.035400	318.071847
2.037700	316.433413
2.039900	315.441729
2.042100	315.010562
2.044400	314.018878
2.046600	315.441729
2.048900	317.813147
2.051100	317.123280
2.053300	313.458361
2.055600	307.594490
2.057800	303.196588
2.060000	304.748789
2.062300	307.033973
2.064500	304.576322
2.066800	301.428803
2.069000	300.825170
2.071200	299.316085
2.073500	297.634534
2.075700	297.418951
2.077900	296.772200
2.080200	297.591418
2.082400	297.979468
2.084600	296.039217
2.086900	295.263116
2.089100	296.556617
2.091400	297.117134
2.093600	296.254800
2.095800	294.357666
2.098100	292.374298
2.100300	292.891698
2.102500	293.883382
2.104800	293.064165
2.107000	291.856897
2.109300	290.175346
2.111500	288.450679
2.113700	288.493795
2.116000	287.803928
2.118200	286.294844
2.120400	287.027828
2.122700	289.226779
2.124900	288.580029
2.127100	287.114061
2.129400	286.510427
2.131600	286.208611
2.133900	286.984711
2.136100	286.984711
2.138300	285.260043
2.140600	284.570176
2.142800	285.260043
2.145000	285.389393
2.147300	285.173810
2.149500	284.052776
2.151800	282.241875
2.154000	282.241875
2.156200	283.535376
2.158500	283.837192
2.160700	282.974859
2.162900	281.422658
2.165200	280.732790
2.167400	281.465774
2.169600	281.810708
2.171900	280.732790
2.174100	279.697990
2.176400	277.973322
2.178600	275.343204
2.180800	274.696453
2.183100	274.998270
2.185300	274.523987
2.187500	273.532303
2.189800	272.368152
2.192000	271.333351
2.194300	272.195685
2.196500	273.187369
2.198700	271.807635
2.201000	268.142716
2.203200	262.451312
2.205400	255.250825
2.207700	251.240972
2.209900	253.784857
2.212200	260.209244
2.214400	265.728181
2.216600	267.194149
2.218900	265.641948
2.221100	264.046630
2.223300	263.184296
2.225600	261.933912
2.227800	261.287162
2.230000	261.287162
2.232300	261.071578
2.234500	261.287162
2.236800	262.063262
2.239000	262.020146
2.241200	261.588979
2.243500	261.157812
2.245700	260.424828
2.247900	260.166128
2.250200	260.855995
2.252400	260.855995
2.254700	259.993661
2.256900	258.096526
2.259100	253.698624
2.261400	247.274236
2.263600	243.221267
2.265800	243.307501
2.268100	247.144886
2.270300	251.154739
2.272500	252.793173
2.274800	252.922523
2.277000	252.750056
2.279300	252.491356
2.281500	251.629022
2.283700	250.163055
2.286000	249.128254
2.288200	248.438387
2.290400	245.980736
2.292700	239.038948
2.294900	230.889893
2.297100	228.087308
2.299400	229.811976
2.301600	232.226510
2.303900	233.735595
2.306100	233.864945
2.308300	232.916378
2.310600	232.830144
2.312800	234.166762
2.315000	235.632729
2.317300	234.123645
2.319500	228.690942
2.321800	221.059287
2.324000	215.885284
2.326200	214.289966
2.328500	215.842167
2.330700	218.084235
2.332900	217.954885
2.335200	215.540350
2.337400	214.074383
2.339700	214.289966
2.341900	215.755934
2.344100	218.127352
2.346400	219.852019
2.348600	218.687869
2.350800	214.289966
2.353100	207.736229
2.355300	203.812610
2.357500	205.019877
2.359800	207.218828
2.362000	208.081162
2.364300	210.150763
2.366500	212.910232
2.368700	214.117499
2.371000	212.220365
2.373200	209.374663
2.375400	207.693112
2.377700	208.469212
2.379900	207.089478
2.382200	202.519109
2.384400	198.164323
2.386600	196.180955
2.388900	196.094721
2.391100	197.560689
2.393300	198.897306
2.395600	198.250556
2.397800	197.603806
2.400000	196.827705
2.402300	195.706671
2.404500	195.232388
2.406800	194.370054
2.409000	192.171102
2.410000	185.013731
2.420000	178.848044
2.430000	173.285991
2.440000	170.440289
2.450000	166.990953
2.460000	164.792002
2.470000	164.274602
2.480000	150.649727
2.490000	134.696550
2.500000	131.117865
2.510000	135.386417
2.520000	128.617096
2.530000	129.436313
2.540000	126.202561
2.550000	127.194245
2.560000	127.366712
2.570000	128.315279
2.580000	125.297111
2.590000	127.194245
2.600000	127.496062
2.610000	123.658677
2.620000	117.622339
2.630000	120.640508
2.640000	123.270626
2.650000	120.726741
2.660000	117.665456
2.670000	118.096623
2.680000	108.826534
2.690000	112.189636
2.700000	108.352250
2.710000	103.350714
2.720000	103.092014
2.730000	101.324229
2.740000	104.299281
2.750000	102.186563
2.760000	105.032265
2.770000	101.841630
2.780000	100.548129
2.790000	97.141910
2.800000	95.331009
2.810000	95.287892
2.820000	90.717523
2.830000	95.632826
2.840000	92.442191
2.850000	90.415706
2.860000	96.279576
2.870000	89.682722
2.880000	93.692575
2.890000	88.949738
2.900000	91.752323
2.910000	88.346105
2.920000	84.724302
2.930000	86.276503
2.940000	83.948202
2.950000	87.095721
2.960000	80.800683
2.970000	85.500403
2.980000	79.679649
2.990000	85.414170
3.000000	82.223534
3.010000	81.404317
3.020000	79.852116
3.030000	81.274967
3.040000	81.274967
3.050000	82.051067
3.060000	81.102500
3.070000	80.455750
3.080000	79.981466
3.090000	78.386149
3.100000	77.092648
3.110000	75.540447
3.120000	76.187197
3.130000	75.152397
3.140000	75.324863
3.150000	75.324863
3.160000	75.411097
3.170000	74.376296
3.180000	74.376296
3.190000	74.505646
3.200000	73.039679
3.210000	73.212145
3.220000	72.479162
3.230000	72.134228
3.240000	71.444361
3.250000	71.659944
3.260000	70.409560
3.270000	69.374760
3.280000	69.590343
3.290000	68.598659
3.300000	67.865675
3.310000	68.598659
3.320000	67.908792
3.330000	67.650092
3.340000	67.434508
3.350000	67.003341
3.360000	66.356591
3.370000	66.356591
3.380000	64.804390
3.390000	64.071406
3.400000	63.554006
3.410000	63.165956
3.420000	63.122839
3.430000	63.338423
3.440000	61.915572
3.450000	61.570638
3.460000	60.880771
3.470000	60.363371
3.480000	60.147787
3.490000	59.716620
3.500000	58.940520
3.510000	58.509353
3.520000	57.991953
3.530000	57.474552
3.540000	57.862602
3.550000	56.870919
3.560000	56.094818
3.570000	55.749885
3.580000	55.060017
3.590000	54.801317
3.600000	54.930667
3.610000	54.844434
3.620000	53.938983
3.630000	53.507816
3.640000	52.947299
3.650000	52.429899
3.660000	51.912499
3.670000	51.998732
3.680000	51.265748
3.690000	50.532765
3.700000	50.187831
3.710000	49.756664
3.720000	49.282381
3.730000	49.196147
3.740000	48.937447
3.750000	48.204463
3.760000	47.773296
3.770000	47.385246
3.780000	46.910962
3.790000	46.566029
3.800000	46.479795
3.810000	46.048629
3.820000	45.401878
3.830000	45.013828
3.840000	44.625778
3.850000	44.151494
3.860000	43.849677
3.870000	43.677210
3.880000	43.289160
3.890000	42.767448
3.900000	42.375086
3.910000	41.978413
3.920000	41.655037
3.930000	41.297169
3.940000	41.047092
3.950000	40.758210
3.960000	40.258057
3.970000	39.788085
3.980000	39.395723
3.990000	38.930062
4.000000	38.533389
4.010000	38.248819
4.020000	37.817652
4.030000	37.278693
4.040000	36.920825
4.050000	36.558644
4.060000	36.131789
4.070000	35.717869
4.080000	35.459169
4.090000	35.144417
4.100000	34.786548
4.110000	34.290706
4.120000	33.889721
4.130000	33.583592
4.140000	33.363697
4.150000	32.949777
4.160000	32.669519
4.170000	32.587597
4.180000	32.341832
4.190000	31.979651
4.200000	31.669211
4.210000	31.587290
4.220000	31.250979
4.230000	30.880176
4.240000	30.686151
4.250000	30.513684
4.260000	30.190309
4.270000	29.828128
4.280000	28.922678
4.290000	28.349226
4.300000	27.667982
4.310000	27.258374
4.320000	26.512455
4.330000	26.465026
4.340000	25.805341
4.350000	25.529394
4.360000	25.145656
4.370000	24.779164
4.380000	24.662749
4.390000	24.313503
4.400000	23.653818
4.410000	23.028626
4.420000	22.571589
4.430000	22.006760
4.440000	21.743748
4.450000	21.920527
4.460000	21.894657
4.470000	21.799800
4.480000	21.342763
4.490000	20.993518
4.500000	20.851233
4.510000	20.238976
4.520000	19.837991
4.530000	19.786251
4.540000	20.057886
4.550000	19.889731
4.560000	19.984587
4.570000	19.889731
4.580000	19.743134
4.590000	19.437005
4.600000	19.053267
4.610000	19.040332
4.620000	18.932540
4.630000	19.376642
4.640000	19.600849
4.650000	19.717264
4.660000	19.480122
4.670000	19.333525
4.680000	18.923917
4.690000	18.501373
4.700000	18.354776
4.710000	18.346153
4.720000	17.966726
4.730000	17.914986
4.740000	17.673533
4.750000	17.488131
4.760000	17.483819
4.770000	17.324287
4.780000	17.315664
4.790000	17.238054
4.800000	17.138886
4.810000	17.087146
4.820000	16.962107
4.830000	16.776705
4.840000	16.996601
4.850000	16.888809
4.860000	16.539564
4.870000	16.272240
4.880000	16.263617
4.890000	16.186007
4.900000	16.173072
4.910000	16.095462
4.920000	16.125643
4.930000	15.750528
4.940000	15.595308
4.950000	15.388348
4.960000	15.349543
4.970000	15.215881
4.980000	15.077908
4.990000	15.181388
5.000000	15.069284
5.010000	14.926999
5.020000	15.043414
5.030000	15.077908
5.040000	14.931311
5.050000	14.909753
5.060000	14.668299
5.070000	14.370794
5.080000	14.068977
5.090000	13.805965
5.100000	13.702485
5.110000	13.775784
5.120000	13.736979
5.130000	13.745602
5.140000	13.732667
5.150000	13.495525
5.160000	13.404980
5.170000	13.262695
5.180000	13.331682
5.190000	13.245448
5.200000	13.249760
5.210000	13.107475
5.220000	13.042800
5.230000	13.029865
5.240000	13.016930
5.250000	12.702178
5.260000	12.715113
5.270000	12.723736
5.280000	12.577139
5.290000	12.417608
5.300000	12.490906
5.310000	12.439166
5.320000	12.301193
5.330000	12.098544
5.340000	12.007999
5.350000	11.934701
5.360000	11.822597
5.370000	11.736364
5.380000	11.753611
5.390000	11.615637
5.400000	11.503534
5.410000	11.438859
5.420000	11.365560
5.430000	11.305197
5.440000	11.296574
5.450000	11.240522
5.460000	11.137042
5.470000	11.003380
5.480000	10.990445
5.490000	10.869718
5.500000	10.792108
5.510000	10.830913
5.520000	10.826602
5.530000	10.736057
5.540000	10.645512
5.550000	10.524785
5.560000	10.542032
5.570000	10.602395
5.580000	10.425616
5.590000	10.516162
5.600000	10.399746
5.610000	10.287643
5.620000	10.119488
5.630000	10.184163
5.640000	10.024631
5.650000	9.938398
5.660000	9.895281
5.670000	9.890969
5.680000	9.847853
5.690000	9.774554
5.700000	9.722814
5.710000	9.714191
5.720000	9.684009
5.730000	9.593464
5.740000	9.589153
5.750000	9.619334
5.760000	9.494296
5.770000	9.481361
5.780000	9.395127
5.790000	9.412374
5.800000	9.343387
5.810000	9.347699
5.820000	9.248531
5.830000	9.175232
5.840000	9.157986
5.850000	9.110557
5.860000	9.011389
5.870000	9.007077
5.880000	8.882039
5.890000	8.821675
5.900000	8.813052
5.910000	8.774247
5.920000	8.644897
5.930000	8.670767
5.940000	8.606092
5.950000	8.489677
5.960000	8.442249
5.970000	8.493989
5.980000	8.390509
5.990000	8.368950
6.000000	8.386197
6.010000	8.304275
6.020000	8.261158
6.030000	8.209418
6.040000	8.105938
6.050000	8.101627
6.060000	8.097315
6.070000	8.049887
6.080000	8.036952
6.090000	7.972277
6.100000	7.911913
6.110000	7.829992
6.120000	7.821368
6.130000	7.786875
6.140000	7.700641
6.150000	7.704953
6.160000	7.674771
6.170000	7.571291
6.180000	7.532486
6.190000	7.554045
6.200000	7.528175
6.210000	7.493681
6.220000	7.489370
6.230000	7.424695
6.240000	7.368643
6.250000	7.334150
6.260000	7.295345
6.270000	7.278098
6.280000	7.278098
6.290000	7.226358
6.300000	7.209111
6.310000	7.165994
6.320000	7.131501
6.330000	7.092696
6.340000	7.049579
6.350000	6.980593
6.360000	6.937476
6.370000	6.872801
6.380000	6.851243
6.390000	6.765009
6.400000	6.683087
6.410000	6.614101
6.420000	6.579607
6.430000	6.458881
6.440000	6.458881
6.450000	6.424387
6.460000	6.316596
6.470000	6.187245
6.480000	6.152752
6.490000	6.092389
6.500000	6.040649
6.510000	6.014779
6.520000	6.070830
6.530000	6.023402
6.540000	5.954415
6.550000	5.889740
6.560000	5.855247
6.570000	5.695715
6.580000	5.700027
6.590000	5.656910
6.600000	5.622417
6.610000	5.635352
6.620000	5.609482
6.630000	5.570677
6.640000	5.518937
6.650000	5.462885
6.660000	5.355093
6.670000	5.389587
6.680000	5.406833
6.690000	5.441327
6.700000	5.437015
6.710000	5.458573
6.720000	5.402522
6.730000	5.346470
6.740000	5.260237
6.750000	5.268860
6.760000	5.251613
6.770000	5.230055
6.780000	5.204185
6.790000	5.156757
6.800000	5.096393
6.810000	5.010160
6.820000	4.979978
6.830000	4.928238
6.840000	4.889433
6.850000	4.846316
6.860000	4.829070
6.870000	4.833381
6.880000	4.842005
6.890000	4.863563
6.900000	4.859251
6.910000	4.867875
6.920000	4.790265
6.930000	4.760083
6.940000	4.734213
6.950000	4.725590
6.960000	4.734213
6.970000	4.777330
6.980000	4.721278
6.990000	4.699720
7.000000	4.635045
7.010000	4.566058
7.020000	4.518629
7.030000	4.505694
7.040000	4.479824
7.050000	4.479824
7.060000	4.466889
7.070000	4.432396
7.080000	4.410838
7.090000	4.363409
7.100000	4.350474
7.110000	4.305633
7.120000	4.301752
7.130000	4.298303
7.140000	4.324604
7.150000	4.305633
7.160000	4.311669
7.170000	4.276745
7.180000	4.244407
7.190000	4.176283
7.200000	4.147826
7.210000	4.079270
7.220000	4.072372
7.230000	4.050813
7.240000	4.097379
7.250000	4.115488
7.260000	4.143945
7.270000	4.111608
7.280000	4.111608
7.290000	4.057712
7.300000	4.029255
7.310000	3.989588
7.320000	3.918014
7.330000	3.903785
7.340000	3.889126
7.350000	3.828331
7.360000	3.803324
7.370000	3.824882
7.380000	3.806773
7.390000	3.803324
7.400000	3.806773
7.410000	3.785215
7.420000	3.717090
7.430000	3.695532
7.440000	3.663194
7.450000	3.652415
7.460000	3.659745
7.470000	3.670524
7.480000	3.677423
7.490000	3.659745
7.500000	3.630857
7.510000	3.602400
7.520000	3.566182
7.530000	3.544192
7.540000	3.531257
7.550000	3.516598
7.560000	3.469169
7.570000	3.441143
7.580000	3.412686
7.590000	3.386816
7.600000	3.317830
7.610000	3.328609
7.620000	3.308775
7.630000	3.285061
7.640000	3.251430
7.650000	3.252292
7.660000	3.235046
7.670000	3.237633
7.680000	3.239788
7.690000	3.219955
7.700000	3.232890
7.710000	3.168646
7.720000	3.121649
7.730000	3.110007
7.740000	3.078963
7.750000	3.020756
7.760000	3.031966
7.770000	3.017306
7.780000	2.975483
7.790000	2.966429
7.800000	2.995748
7.810000	2.954787
7.820000	2.935816
7.830000	2.934953
7.840000	2.908221
7.850000	2.884076
7.860000	2.875452
7.870000	2.856912
7.880000	2.846995
7.890000	2.837941
7.900000	2.812933
7.910000	2.787494
7.920000	2.803447
7.930000	2.779733
7.940000	2.748689
7.950000	2.740928
7.960000	2.746965
7.970000	2.720232
7.980000	2.710315
7.990000	2.698674
8.000000	2.702986
8.010000	2.692206
8.020000	2.653401
8.030000	2.671079
8.040000	2.682289
8.050000	2.655557
8.060000	2.615027
8.070000	2.619770
8.080000	2.578809
8.090000	2.551215
8.100000	2.536555
8.110000	2.563287
8.120000	2.554233
8.130000	2.565012
8.140000	2.555526
8.150000	2.541729
8.160000	2.507667
8.170000	2.486540
8.180000	2.462826
8.190000	2.474036
8.200000	2.474036
8.210000	2.473174
8.220000	2.464550
8.230000	2.445579
8.240000	2.430057
8.250000	2.421865
8.260000	2.414104
8.270000	2.388665
8.280000	2.389096
8.290000	2.394270
8.300000	2.381335
8.310000	2.376592
8.320000	2.360639
8.330000	2.377886
8.340000	2.343823
8.350000	2.328733
8.360000	2.327439
8.370000	2.327008
8.380000	2.319247
8.390000	2.317091
8.400000	2.315798
8.410000	2.286047
8.420000	2.279580
8.430000	2.277424
8.440000	2.245086
8.450000	2.239481
8.460000	2.243793
8.470000	2.223097
8.480000	2.190759
8.490000	2.200676
8.500000	2.196364
8.510000	2.189897
8.520000	2.185585
8.530000	2.199383
8.540000	2.186016
8.550000	2.173513
8.560000	2.137294
8.570000	2.132983
8.580000	2.114874
8.590000	2.106250
8.600000	2.096334
8.610000	2.091591
8.620000	2.078225
8.630000	2.071326
8.640000	2.067877
8.650000	2.064427
8.660000	2.048905
8.670000	2.033814
8.680000	2.025191
8.690000	2.019586
8.700000	2.010100
8.710000	2.004926
8.720000	2.010100
8.730000	2.007944
8.740000	1.998028
8.750000	1.996734
8.760000	1.996734
8.770000	1.980781
8.780000	1.965259
8.790000	1.963534
8.800000	1.947581
8.810000	1.943701
8.820000	1.933353
8.830000	1.928610
8.840000	1.915244
8.850000	1.911794
8.860000	1.886355
8.870000	1.876870
8.880000	1.863072
8.890000	1.860054
8.900000	1.854018
8.910000	1.866953
8.920000	1.854449
8.930000	1.847981
8.940000	1.839358
8.950000	1.829441
8.960000	1.817369
8.970000	1.819524
8.980000	1.805296
8.990000	1.804002
9.000000	1.795379
9.010000	1.774683
9.020000	1.780288
9.030000	1.781151
9.040000	1.775114
9.050000	1.773821
9.060000	1.771234
9.070000	1.761317
9.080000	1.753556
9.090000	1.741052
9.100000	1.727255
9.110000	1.735447
9.120000	1.726824
9.130000	1.719063
9.140000	1.719494
9.150000	1.706990
9.160000	1.698798
9.170000	1.698367
9.180000	1.679395
9.190000	1.670772
9.200000	1.662580
9.210000	1.655681
9.220000	1.645764
9.230000	1.647058
9.240000	1.630242
9.250000	1.631536
9.260000	1.627655
9.270000	1.622050
9.280000	1.610408
9.290000	1.614720
9.300000	1.609977
9.310000	1.609977
9.320000	1.606097
9.330000	1.606528
9.340000	1.595749
9.350000	1.591437
9.360000	1.575484
9.370000	1.572035
9.380000	1.552201
9.390000	1.554357
9.400000	1.550907
9.410000	1.548752
9.420000	1.518570
9.430000	1.527193
9.440000	1.511240
9.450000	1.503479
9.460000	1.490544
9.470000	1.493131
9.480000	1.491838
9.490000	1.497443
9.500000	1.489682
9.510000	1.495718
9.520000	1.489682
9.530000	1.488819
9.540000	1.468123
9.550000	1.462949
9.560000	1.446134
9.570000	1.441822
9.580000	1.437079
9.590000	1.447427
9.600000	1.437079
9.610000	1.443116
9.620000	1.428887
9.630000	1.428456
9.640000	1.420264
9.650000	1.422420
9.660000	1.411209
9.670000	1.415090
9.680000	1.406035
9.690000	1.404742
9.700000	1.394394
9.710000	1.395256
9.720000	1.385339
9.730000	1.382321
9.740000	1.371542
9.750000	1.371111
9.760000	1.363350
9.770000	1.361625
9.780000	1.354295
9.790000	1.354295
9.800000	1.346103
9.810000	1.344378
9.820000	1.341360
9.830000	1.337049
9.840000	1.328425
9.850000	1.324545
9.860000	1.316353
9.870000	1.304711
9.880000	1.300399
9.890000	1.296950
9.900000	1.296088
9.910000	1.291776
9.920000	1.293070
9.930000	1.284877
9.940000	1.277116
9.950000	1.266337
9.960000	1.261163
9.970000	1.255989
9.980000	1.241330
9.990000	1.165875
10.000000	1.036094
10.010000	1.034801
10.020000	1.033076
10.030000	1.031351
10.040000	1.030058
10.050000	1.028333
10.060000	1.027040
10.070000	1.025315
10.080000	1.024021
10.090000	1.022297
10.100000	1.020572
10.110000	1.019279
10.120000	1.017985
10.130000	1.016260
10.140000	1.014967
10.150000	1.013673
10.160000	1.011949
10.170000	1.010655
10.180000	1.009362
10.190000	1.007637
10.200000	1.006344
10.210000	1.005050
10.220000	1.003325
10.230000	1.001601
10.240000	0.999876
10.250000	0.998583
10.260000	0.997289
10.270000	0.995133
10.280000	0.993840
10.290000	0.992115
10.300000	0.990822
10.310000	0.989097
10.320000	0.987803
10.330000	0.986079
10.340000	0.984354
10.350000	0.983061
10.360000	0.981767
10.370000	0.980042
10.380000	0.978318
10.390000	0.977024
10.400000	0.975731
10.410000	0.974006
10.420000	0.972281
10.430000	0.970988
10.440000	0.969263
10.450000	0.967539
10.460000	0.966245
10.470000	0.964520
10.480000	0.962796
10.490000	0.961071
10.500000	0.959778
10.510000	0.958484
10.520000	0.956328
10.530000	0.955035
10.540000	0.953741
10.550000	0.952017
10.560000	0.950292
10.570000	0.948998
10.580000	0.947705
10.590000	0.945980
10.600000	0.944256
10.610000	0.942531
10.620000	0.941237
10.630000	0.939513
10.640000	0.937788
10.650000	0.936063
10.660000	0.934770
10.670000	0.933045
10.680000	0.931321
10.690000	0.929596
10.700000	0.928302
10.710000	0.926578
10.720000	0.924853
10.730000	0.923128
10.740000	0.921835
10.750000	0.920110
10.760000	0.918386
10.770000	0.916661
10.780000	0.915367
10.790000	0.913643
10.800000	0.911918
10.810000	0.910193
10.820000	0.908469
10.830000	0.906744
10.840000	0.905019
10.850000	0.903295
10.860000	0.901570
10.870000	0.899845
10.880000	0.898552
10.890000	0.896827
10.900000	0.894671
10.910000	0.892947
10.920000	0.891222
10.930000	0.889497
10.940000	0.888204
10.950000	0.886048
10.960000	0.884323
10.970000	0.882599
10.980000	0.881305
10.990000	0.879581
11.000000	0.877425
11.010000	0.875700
11.020000	0.873975
11.030000	0.872251
11.040000	0.870526
11.050000	0.868801
11.060000	0.866646
11.070000	0.865352
11.080000	0.863627
11.090000	0.861903
11.100000	0.860178
11.110000	0.858022
11.120000	0.856298
11.130000	0.854573
11.140000	0.852848
11.150000	0.851124
11.160000	0.849399
11.170000	0.847674
11.180000	0.845518
11.190000	0.843794
11.200000	0.842069
11.210000	0.840344
11.220000	0.838620
11.230000	0.836895
11.240000	0.834739
11.250000	0.833015
11.260000	0.831290
11.270000	0.829565
11.280000	0.827841
11.290000	0.826116
11.300000	0.823960
11.310000	0.822235
11.320000	0.820511
11.330000	0.818786
11.340000	0.817061
11.350000	0.815337
11.360000	0.813181
11.370000	0.811456
11.380000	0.809732
11.390000	0.808007
11.400000	0.806282
11.410000	0.804557
11.420000	0.802402
11.430000	0.800677
11.440000	0.798952
11.450000	0.797228
11.460000	0.795503
11.470000	0.793778
11.480000	0.792054
11.490000	0.789898
11.500000	0.788173
11.510000	0.786448
11.520000	0.784724
11.530000	0.782999
11.540000	0.781274
11.550000	0.779119
11.560000	0.777394
11.570000	0.775669
11.580000	0.773945
11.590000	0.772220
11.600000	0.770495
11.610000	0.768339
11.620000	0.766615
11.630000	0.764890
11.640000	0.762734
11.650000	0.761010
11.660000	0.759285
11.670000	0.757560
11.680000	0.755404
11.690000	0.753680
11.700000	0.751955
11.710000	0.750230
11.720000	0.748075
11.730000	0.746350
11.740000	0.744625
11.750000	0.742901
11.760000	0.740745
11.770000	0.738589
11.780000	0.736864
11.790000	0.735140
11.800000	0.733415
11.810000	0.731690
11.820000	0.729966
11.830000	0.727810
11.840000	0.726085
11.850000	0.724360
11.860000	0.722636
11.870000	0.720911
11.880000	0.719186
11.890000	0.717031
11.900000	0.715306
11.910000	0.713581
11.920000	0.711857
11.930000	0.710132
11.940000	0.708407
11.950000	0.706251
11.960000	0.704527
11.970000	0.703233
11.980000	0.701509
11.990000	0.699784
12.000000	0.698059
12.010000	0.695903
12.020000	0.693748
12.030000	0.692023
12.040000	0.689867
12.050000	0.688142
12.060000	0.685987
12.070000	0.684262
12.080000	0.682537
12.090000	0.680381
12.100000	0.678657
12.110000	0.676501
12.120000	0.674345
12.130000	0.672620
12.140000	0.670896
12.150000	0.668740
12.160000	0.667015
12.170000	0.665291
12.180000	0.663135
12.190000	0.661410
12.200000	0.659254
12.210000	0.657530
12.220000	0.655374
12.230000	0.653649
12.240000	0.651493
12.250000	0.649769
12.260000	0.647613
12.270000	0.645888
12.280000	0.644163
12.290000	0.642008
12.300000	0.640283
12.310000	0.638127
12.320000	0.635971
12.330000	0.634247
12.340000	0.632091
12.350000	0.630366
12.360000	0.628210
12.370000	0.626486
12.380000	0.624761
12.390000	0.622605
12.400000	0.620880
12.410000	0.618725
12.420000	0.616569
12.430000	0.614413
12.440000	0.612688
12.450000	0.610532
12.460000	0.608808
12.470000	0.606652
12.480000	0.604927
12.490000	0.602771
12.500000	0.601047
12.510000	0.599322
12.520000	0.597166
12.530000	0.595442
12.540000	0.593286
12.550000	0.591130
12.560000	0.589405
12.570000	0.587681
12.580000	0.585525
12.590000	0.583800
12.600000	0.582075
12.610000	0.579920
12.620000	0.578195
12.630000	0.576039
12.640000	0.573883
12.650000	0.572159
12.660000	0.570003
12.670000	0.568278
12.680000	0.566553
12.690000	0.564398
12.700000	0.562673
12.710000	0.560948
12.720000	0.558792
12.730000	0.556637
12.740000	0.554912
12.750000	0.553187
12.760000	0.551463
12.770000	0.549738
12.780000	0.548013
12.790000	0.546289
12.800000	0.544133
12.810000	0.542408
12.820000	0.540683
12.830000	0.538959
12.840000	0.537234
12.850000	0.535509
12.860000	0.533353
12.870000	0.531629
12.880000	0.530335
12.890000	0.528611
12.900000	0.526886
12.910000	0.524730
12.920000	0.523437
12.930000	0.521712
12.940000	0.520418
12.950000	0.518263
12.960000	0.516969
12.970000	0.515244
12.980000	0.513951
12.990000	0.511795
13.000000	0.510502
13.010000	0.508777
13.020000	0.507483
13.030000	0.505328
13.040000	0.504034
13.050000	0.502309
13.060000	0.501016
13.070000	0.499291
13.080000	0.497567
13.090000	0.495842
13.100000	0.494548
13.110000	0.492824
13.120000	0.491099
13.130000	0.489806
13.140000	0.488512
13.150000	0.486356
13.160000	0.485063
13.170000	0.483769
13.180000	0.482045
13.190000	0.480320
13.200000	0.479026
13.210000	0.477733
13.220000	0.475577
13.230000	0.474284
13.240000	0.472990
13.250000	0.471265
13.260000	0.469972
13.270000	0.468247
13.280000	0.466954
13.290000	0.465229
13.300000	0.463936
13.310000	0.462642
13.320000	0.460917
13.330000	0.459624
13.340000	0.458330
13.350000	0.456606
13.360000	0.455312
13.370000	0.454019
13.380000	0.452294
13.390000	0.451001
13.400000	0.449707
13.410000	0.447982
13.420000	0.446689
13.430000	0.445395
13.440000	0.443671
13.450000	0.442377
13.460000	0.441084
13.470000	0.439359
13.480000	0.438066
13.490000	0.436772
13.500000	0.435047
13.510000	0.433754
13.520000	0.432460
13.530000	0.431167
13.540000	0.429830
13.550000	0.428407
13.560000	0.427330
13.570000	0.425864
13.580000	0.424441
13.590000	0.423363
13.600000	0.421940
13.610000	0.420517
13.620000	0.419439
13.630000	0.417973
13.640000	0.416550
13.650000	0.415472
13.660000	0.414050
13.670000	0.412972
13.680000	0.411549
13.690000	0.410471
13.700000	0.409005
13.710000	0.407927
13.720000	0.406504
13.730000	0.405426
13.740000	0.404003
13.750000	0.402925
13.760000	0.401503
13.770000	0.400425
13.780000	0.399347
13.790000	0.397881
13.800000	0.396803
13.810000	0.395725
13.820000	0.394302
13.830000	0.393224
13.840000	0.392146
13.850000	0.390723
13.860000	0.389646
13.870000	0.388568
13.880000	0.387490
13.890000	0.386067
13.900000	0.384989
13.910000	0.383911
13.920000	0.382833
13.930000	0.381410
13.940000	0.380332
13.950000	0.379254
13.960000	0.378177
13.970000	0.376711
13.980000	0.375633
13.990000	0.374598
14.000000	0.373520
14.010000	0.372442
14.020000	0.371364
14.030000	0.370286
14.040000	0.368820
14.050000	0.367742
14.060000	0.366664
14.070000	0.365586
14.080000	0.364552
14.090000	0.363474
14.100000	0.362396
14.110000	0.361318
14.120000	0.360240
14.130000	0.359162
14.140000	0.358041
14.150000	0.356963
14.160000	0.355885
14.170000	0.354850
14.180000	0.353772
14.190000	0.352695
14.200000	0.351660
14.210000	0.350625
14.220000	0.349590
14.230000	0.348512
14.240000	0.347477
14.250000	0.346443
14.260000	0.345451
14.270000	0.344416
14.280000	0.343381
14.290000	0.342347
14.300000	0.341355
14.310000	0.340363
14.320000	0.339328
14.330000	0.338337
14.340000	0.337345
14.350000	0.336310
14.360000	0.335319
14.370000	0.334327
14.380000	0.333335
14.390000	0.332343
14.400000	0.331395
14.410000	0.330403
14.420000	0.329455
14.430000	0.328463
14.440000	0.327514
14.450000	0.326523
14.460000	0.325574
14.470000	0.324582
14.480000	0.323677
14.490000	0.322685
14.500000	0.321780
14.510000	0.320831
14.520000	0.319883
14.530000	0.318934
14.540000	0.317986
14.550000	0.317080
14.560000	0.316132
14.570000	0.315226
14.580000	0.314321
14.590000	0.313372
14.600000	0.312467
14.610000	0.311820
14.620000	0.311173
14.630000	0.310526
14.640000	0.309880
14.650000	0.309233
14.660000	0.308586
14.670000	0.307939
14.680000	0.307293
14.690000	0.306689
14.700000	0.306042
14.710000	0.305223
14.720000	0.304361
14.730000	0.303542
14.740000	0.302722
14.750000	0.301903
14.760000	0.301041
14.770000	0.300222
14.780000	0.299402
14.790000	0.298626
14.800000	0.297807
14.810000	0.297074
14.820000	0.296341
14.830000	0.295608
14.840000	0.294875
14.850000	0.294185
14.860000	0.293452
14.870000	0.292719
14.880000	0.292029
14.890000	0.291296
14.900000	0.290563
14.910000	0.289744
14.920000	0.288968
14.930000	0.288149
14.940000	0.287330
14.950000	0.286510
14.960000	0.285734
14.970000	0.284915
14.980000	0.284139
14.990000	0.283320
15.000000	0.282544
15.010000	0.281897
15.020000	0.281250
15.030000	0.280647
15.040000	0.280000
15.050000	0.279353
15.060000	0.278749
15.070000	0.278103
15.080000	0.277499
15.090000	0.276852
15.100000	0.276249
15.110000	0.275559
15.120000	0.274826
15.130000	0.274136
15.140000	0.273446
15.150000	0.272756
15.160000	0.272066
15.170000	0.271376
15.180000	0.270687
15.190000	0.270040
15.200000	0.269350
15.210000	0.268617
15.220000	0.267884
15.230000	0.267151
15.240000	0.266418
15.250000	0.265728
15.260000	0.264995
15.270000	0.264305
15.280000	0.263572
15.290000	0.262839
15.300000	0.262149
15.310000	0.261460
15.320000	0.260770
15.330000	0.260080
15.340000	0.259390
15.350000	0.258743
15.360000	0.258053
15.370000	0.257364
15.380000	0.256674
15.390000	0.256027
15.400000	0.255337
15.410000	0.254690
15.420000	0.254000
15.430000	0.253311
15.440000	0.252621
15.450000	0.251931
15.460000	0.251241
15.470000	0.250594
15.480000	0.249947
15.490000	0.249301
15.500000	0.248611
15.510000	0.247921
15.520000	0.247274
15.530000	0.246584
15.540000	0.245938
15.550000	0.245291
15.560000	0.244644
15.570000	0.243997
15.580000	0.243351
15.590000	0.242704
15.600000	0.242057
15.610000	0.241410
15.620000	0.240850
15.630000	0.240289
15.640000	0.239686
15.650000	0.239082
15.660000	0.238522
15.670000	0.237918
15.680000	0.237357
15.690000	0.236754
15.700000	0.236193
15.710000	0.235546
15.720000	0.234900
15.730000	0.234210
15.740000	0.233563
15.750000	0.232916
15.760000	0.232270
15.770000	0.231623
15.780000	0.231019
15.790000	0.230372
15.800000	0.229726
15.810000	0.229122
15.820000	0.228562
15.830000	0.227958
15.840000	0.227354
15.850000	0.226751
15.860000	0.226190
15.870000	0.225587
15.880000	0.224983
15.890000	0.224422
15.900000	0.223862
15.910000	0.223258
15.920000	0.222655
15.930000	0.222094
15.940000	0.221534
15.950000	0.220930
15.960000	0.220369
15.970000	0.219809
15.980000	0.219205
15.990000	0.218645
16.000000	0.218084
16.010000	0.217481
16.020000	0.216963
16.030000	0.216403
16.040000	0.215842
16.050000	0.215282
16.060000	0.214721
16.070000	0.214204
16.080000	0.213643
16.090000	0.213083
16.100000	0.212565
16.110000	0.212005
16.120000	0.211444
16.130000	0.210884
16.140000	0.210366
16.150000	0.209806
16.160000	0.209288
16.170000	0.208728
16.180000	0.208211
16.190000	0.207650
16.200000	0.207133
16.210000	0.206615
16.220000	0.206098
16.230000	0.205580
16.240000	0.205106
16.250000	0.204546
16.260000	0.204028
16.270000	0.203554
16.280000	0.203037
16.290000	0.202519
16.300000	0.202045
16.310000	0.201527
16.320000	0.201010
16.330000	0.200536
16.340000	0.199975
16.350000	0.199501
16.360000	0.198984
16.370000	0.198509
16.380000	0.198035
16.390000	0.197518
16.400000	0.197000
16.410000	0.196526
16.420000	0.196008
16.430000	0.195491
16.440000	0.195060
16.450000	0.194543
16.460000	0.194025
16.470000	0.193551
16.480000	0.193077
16.490000	0.192602
16.500000	0.192085
16.510000	0.191611
16.520000	0.191136
16.530000	0.190662
16.540000	0.190145
16.550000	0.189713
16.560000	0.189239
16.570000	0.188722
16.580000	0.188247
16.590000	0.187773
16.600000	0.187342
16.610000	0.186868
16.620000	0.186393
16.630000	0.185919
16.640000	0.185445
16.650000	0.185014
16.660000	0.184583
16.670000	0.184108
16.680000	0.183634
16.690000	0.183203
16.700000	0.182729
16.710000	0.182297
16.720000	0.181823
16.730000	0.181392
16.740000	0.180918
16.750000	0.180486
16.760000	0.180098
16.770000	0.179667
16.780000	0.179193
16.790000	0.178762
16.800000	0.178331
16.810000	0.177899
16.820000	0.177468
16.830000	0.177037
16.840000	0.176606
16.850000	0.176218
16.860000	0.175787
16.870000	0.175356
16.880000	0.174924
16.890000	0.174536
16.900000	0.174105
16.910000	0.173674
16.920000	0.173243
16.930000	0.172812
16.940000	0.172424
16.950000	0.172036
16.960000	0.171604
16.970000	0.171216
16.980000	0.170828
16.990000	0.170397
17.000000	0.170009
17.010000	0.169621
17.020000	0.169190
17.030000	0.168759
17.040000	0.168328
17.050000	0.167940
17.060000	0.167551
17.070000	0.167163
17.080000	0.166732
17.090000	0.166344
17.100000	0.165956
17.110000	0.165525
17.120000	0.165137
17.130000	0.164749
17.140000	0.164361
17.150000	0.164016
17.160000	0.163628
17.170000	0.163197
17.180000	0.162809
17.190000	0.162464
17.200000	0.162076
17.210000	0.161688
17.220000	0.161256
17.230000	0.160868
17.240000	0.160480
17.250000	0.160092
17.260000	0.159704
17.270000	0.159316
17.280000	0.158928
17.290000	0.158497
17.300000	0.158109
17.310000	0.157764
17.320000	0.157376
17.330000	0.156988
17.340000	0.156600
17.350000	0.156255
17.360000	0.155910
17.370000	0.155522
17.380000	0.155134
17.390000	0.154789
17.400000	0.154444
17.410000	0.154056
17.420000	0.153711
17.430000	0.153323
17.440000	0.152935
17.450000	0.152590
17.460000	0.152245
17.470000	0.151857
17.480000	0.151512
17.490000	0.151167
17.500000	0.150779
17.510000	0.150434
17.520000	0.150046
17.530000	0.149701
17.540000	0.149313
17.550000	0.148968
17.560000	0.148580
17.570000	0.148235
17.580000	0.147847
17.590000	0.147502
17.600000	0.147157
17.610000	0.146769
17.620000	0.146381
17.630000	0.146036
17.640000	0.145648
17.650000	0.145303
17.660000	0.144915
17.670000	0.144570
17.680000	0.144182
17.690000	0.143837
17.700000	0.143492
17.710000	0.143018
17.720000	0.142587
17.730000	0.142113
17.740000	0.141681
17.750000	0.141207
17.760000	0.140776
17.770000	0.140345
17.780000	0.139914
17.790000	0.139483
17.800000	0.139051
17.810000	0.138577
17.820000	0.138103
17.830000	0.137628
17.840000	0.137111
17.850000	0.136680
17.860000	0.136206
17.870000	0.135774
17.880000	0.135300
17.890000	0.134826
17.900000	0.134352
17.910000	0.133920
17.920000	0.133446
17.930000	0.132972
17.940000	0.132498
17.950000	0.132023
17.960000	0.131592
17.970000	0.131118
17.980000	0.130687
17.990000	0.130256
18.000000	0.129781
18.010000	0.129307
18.020000	0.128833
18.030000	0.128402
18.040000	0.127927
18.050000	0.127496
18.060000	0.127065
18.070000	0.126591
18.080000	0.126159
18.090000	0.125685
18.100000	0.125254
18.110000	0.124823
18.120000	0.124349
18.130000	0.123917
18.140000	0.123486
18.150000	0.123012
18.160000	0.122581
18.170000	0.122150
18.180000	0.121718
18.190000	0.121287
18.200000	0.120856
18.210000	0.120425
18.220000	0.120037
18.230000	0.119606
18.240000	0.119175
18.250000	0.118700
18.260000	0.118312
18.270000	0.117881
18.280000	0.117450
18.290000	0.117019
18.300000	0.116588
18.310000	0.116156
18.320000	0.115725
18.330000	0.115337
18.340000	0.114949
18.350000	0.114561
18.360000	0.114130
18.370000	0.113742
18.380000	0.113354
18.390000	0.112966
18.400000	0.112535
18.410000	0.112103
18.420000	0.111715
18.430000	0.111284
18.440000	0.110896
18.450000	0.110508
18.460000	0.110077
18.470000	0.109689
18.480000	0.109258
18.490000	0.108870
18.500000	0.108482
18.510000	0.108094
18.520000	0.107706
18.530000	0.107361
18.540000	0.106973
18.550000	0.106584
18.560000	0.106240
18.570000	0.105895
18.580000	0.105463
18.590000	0.105118
18.600000	0.104774
18.610000	0.104386
18.620000	0.103997
18.630000	0.103566
18.640000	0.103178
18.650000	0.102833
18.660000	0.102445
18.670000	0.102057
18.680000	0.101626
18.690000	0.101281
18.700000	0.100893
18.710000	0.100505
18.720000	0.100117
18.730000	0.099729
18.740000	0.099341
18.750000	0.098996
18.760000	0.098608
18.770000	0.098220
18.780000	0.097832
18.790000	0.097444
18.800000	0.097099
18.810000	0.096711
18.820000	0.096323
18.830000	0.095978
18.840000	0.095590
18.850000	0.095202
18.860000	0.094857
18.870000	0.094512
18.880000	0.094124
18.890000	0.093736
18.900000	0.093391
18.910000	0.093046
18.920000	0.092658
18.930000	0.092313
18.940000	0.091968
18.950000	0.091580
18.960000	0.091235
18.970000	0.090890
18.980000	0.090502
18.990000	0.090157
19.000000	0.089812
19.010000	0.089467
19.020000	0.089079
19.030000	0.088777
19.040000	0.088389
19.050000	0.088044
19.060000	0.087699
19.070000	0.087354
19.080000	0.087009
19.090000	0.086665
19.100000	0.086320
19.110000	0.085975
19.120000	0.085630
19.130000	0.085285
19.140000	0.084940
19.150000	0.084595
19.160000	0.084250
19.170000	0.083905
19.180000	0.083560
19.190000	0.083215
19.200000	0.082870
19.210000	0.082568
19.220000	0.082180
19.230000	0.081879
19.240000	0.081534
19.250000	0.081189
19.260000	0.080887
19.270000	0.080542
19.280000	0.080197
19.290000	0.079852
19.300000	0.079550
19.310000	0.079205
19.320000	0.078860
19.330000	0.078559
19.340000	0.078214
19.350000	0.077912
19.360000	0.077524
19.370000	0.077222
19.380000	0.076877
19.390000	0.076575
19.400000	0.076230
19.410000	0.075928
19.420000	0.075584
19.430000	0.075282
19.440000	0.074937
19.450000	0.074635
19.460000	0.074290
19.470000	0.073988
19.480000	0.073686
19.490000	0.073385
19.500000	0.073040
19.510000	0.072738
19.520000	0.072436
19.530000	0.072134
19.540000	0.071832
19.550000	0.071487
19.560000	0.071229
19.570000	0.070884
19.580000	0.070625
19.590000	0.070280
19.600000	0.070022
19.610000	0.071962
19.620000	0.073945
19.630000	0.075928
19.640000	0.077869
19.650000	0.079809
19.660000	0.081749
19.670000	0.083690
19.680000	0.085587
19.690000	0.087527
19.700000	0.089424
19.710000	0.088648
19.720000	0.087958
19.730000	0.087182
19.740000	0.086449
19.750000	0.085716
19.760000	0.084983
19.770000	0.084250
19.780000	0.083517
19.790000	0.082827
19.800000	0.082094
19.810000	0.082439
19.820000	0.082827
19.830000	0.083215
19.840000	0.083560
19.850000	0.083948
19.860000	0.084336
19.870000	0.084681
19.880000	0.085026
19.890000	0.085371
19.900000	0.085759
19.910000	0.085587
19.920000	0.085414
19.930000	0.085285
19.940000	0.085112
19.950000	0.084983
19.960000	0.084767
19.970000	0.084638
19.980000	0.084509
19.990000	0.084336
20.000000	0.084164
20.010000	0.083948
20.020000	0.083733
20.030000	0.083517
20.040000	0.083345
20.050000	0.083129
20.060000	0.082913
20.070000	0.082698
20.080000	0.082525
20.090000	0.082310
20.100000	0.082094
20.110000	0.081879
20.120000	0.081706
20.130000	0.081491
20.140000	0.081275
20.150000	0.081103
20.160000	0.080887
20.170000	0.080671
20.180000	0.080456
20.190000	0.080240
20.200000	0.080068
20.210000	0.079852
20.220000	0.079680
20.230000	0.079464
20.240000	0.079292
20.250000	0.079076
20.260000	0.078904
20.270000	0.078688
20.280000	0.078515
20.290000	0.078300
20.300000	0.078127
20.310000	0.077912
20.320000	0.077696
20.330000	0.077524
20.340000	0.077351
20.350000	0.077136
20.360000	0.076963
20.370000	0.076791
20.380000	0.076575
20.390000	0.076403
20.400000	0.076187
20.410000	0.076015
20.420000	0.075799
20.430000	0.075627
20.440000	0.075454
20.450000	0.075282
20.460000	0.075109
20.470000	0.074894
20.480000	0.074721
20.490000	0.074506
20.500000	0.074333
20.510000	0.074247
20.520000	0.074118
20.530000	0.074031
20.540000	0.073902
20.550000	0.073816
20.560000	0.073686
20.570000	0.073600
20.580000	0.073471
20.590000	0.073385
20.600000	0.073298
20.610000	0.073212
20.620000	0.073083
20.630000	0.072997
20.640000	0.072867
20.650000	0.072781
20.660000	0.072652
20.670000	0.072565
20.680000	0.072436
20.690000	0.072350
20.700000	0.072264
20.710000	0.072134
20.720000	0.072048
20.730000	0.071919
20.740000	0.071832
20.750000	0.071703
20.760000	0.071617
20.770000	0.071531
20.780000	0.071444
20.790000	0.071315
20.800000	0.071229
20.810000	0.071099
20.820000	0.071056
20.830000	0.070927
20.840000	0.070841
20.850000	0.070711
20.860000	0.070625
20.870000	0.070539
20.880000	0.070410
20.890000	0.070323
20.900000	0.070194
20.910000	0.070151
20.920000	0.070022
20.930000	0.069935
20.940000	0.069806
20.950000	0.069763
20.960000	0.069633
20.970000	0.069547
20.980000	0.069418
20.990000	0.069375
21.000000	0.069245
22.000000	0.057475
23.000000	0.048118
24.000000	0.040577
25.000000	0.034450
26.000000	0.029444
27.000000	0.025314
28.000000	0.021877
29.000000	0.019014
30.000000	0.016596
31.000000	0.014556
32.000000	0.012814
33.000000	0.011331
34.000000	0.010055
35.000000	0.008951
36.000000	0.007994
37.000000	0.007166
38.000000	0.006437
39.000000	0.005804
40.000000	0.005243
41.000000	0.004747
42.000000	0.004309
43.000000	0.003921
44.000000	0.003577
45.000000	0.003269
46.000000	0.002994
47.000000	0.002746
48.000000	0.002524
49.000000	0.002324
50.000000	0.002143
51.000000	0.001979
52.000000	0.001831
53.000000	0.001696
54.000000	0.001574
55.000000	0.001462
56.000000	0.001360
57.000000	0.001267
58.000000	0.001181
59.000000	0.001103
60.000000	0.001031
61.000000	0.000965
62.000000	0.000904
63.000000	0.000848
64.000000	0.000796
65.000000	0.000748
66.000000	0.000704
67.000000	0.000662
68.000000	0.000624
69.000000	0.000589
70.000000	0.000556
71.000000	0.000525
72.000000	0.000496
73.000000	0.000469
74.000000	0.000444
75.000000	0.000421
76.000000	0.000399
77.000000	0.000379
78.000000	0.000360
79.000000	0.000341
80.000000	0.000324
81.000000	0.000309
82.000000	0.000294
83.000000	0.000280
84.000000	0.000267
85.000000	0.000254
86.000000	0.000242
87.000000	0.000231
88.000000	0.000221
89.000000	0.000211
90.000000	0.000202
91.000000	0.000193
92.000000	0.000185
93.000000	0.000177
94.000000	0.000169
95.000000	0.000162
96.000000	0.000155
97.000000	0.000149
98.000000	0.000143
99.000000	0.000137
100.000000	0.000132
101.000000	0.000127
102.000000	0.000122
103.000000	0.000117
104.000000	0.000113
105.000000	0.000108
106.000000	0.000104
107.000000	0.000100
108.000000	0.000097
109.000000	0.000093
110.000000	0.000090
111.000000	0.000086
112.000000	0.000083
113.000000	0.000080
114.000000	0.000078
115.000000	0.000075
116.000000	0.000072
117.000000	0.000070
118.000000	0.000068
119.000000	0.000065
120.000000	0.000063
121.000000	0.000061
122.000000	0.000059
123.000000	0.000057
124.000000	0.000055
125.000000	0.000054
126.000000	0.000052
127.000000	0.000050
128.000000	0.000049
129.000000	0.000047
130.000000	0.000046
131.000000	0.000044
132.000000	0.000043
133.000000	0.000042
134.000000	0.000040
135.000000	0.000039
136.000000	0.000038
137.000000	0.000037
138.000000	0.000036
139.000000	0.000035
140.000000	0.000034
141.000000	0.000033
142.000000	0.000032
143.000000	0.000031
144.000000	0.000030
145.000000	0.000029
146.000000	0.000029
147.000000	0.000028
148.000000	0.000027
149.000000	0.000026
150.000000	0.000026
151.000000	0.000025
152.000000	0.000024
153.000000	0.000024
154.000000	0.000023
155.000000	0.000022
156.000000	0.000022
157.000000	0.000021
158.000000	0.000021
159.000000	0.000020
160.000000	0.000020
161.000000	0.000019
162.000000	0.000019
163.000000	0.000018
164.000000	0.000018
165.000000	0.000017
166.000000	0.000017
167.000000	0.000017
168.000000	0.000016
169.000000	0.000016
170.000000	0.000015
171.000000	0.000015
