0.35	0.05084	0.02926	0.03427	0.02438
0.351	0.05094	0.02915	0.03427	0.02445
0.352	0.05104	0.02903	0.03435	0.02434
0.353	0.05095	0.02915	0.03431	0.02413
0.354	0.05087	0.02933	0.03432	0.02420
0.355	0.05084	0.02932	0.03443	0.02428
0.356	0.05085	0.02920	0.03455	0.02434
0.357	0.05088	0.02917	0.03457	0.02445
0.358	0.05089	0.02920	0.03468	0.02450
0.359	0.05101	0.02931	0.03472	0.02455
0.36	0.05111	0.02941	0.03463	0.02457
0.361	0.05091	0.02934	0.03456	0.02450
0.362	0.05080	0.02931	0.03475	0.02441
0.363	0.05077	0.02931	0.03493	0.02440
0.364	0.05077	0.02937	0.03493	0.02447
0.365	0.05088	0.02953	0.03497	0.02441
0.366	0.05097	0.02947	0.03507	0.02446
0.367	0.05101	0.02943	0.03515	0.02455
0.368	0.05103	0.02963	0.03516	0.02458
0.369	0.05115	0.02978	0.03531	0.02464
0.37	0.05127	0.02985	0.03533	0.02476
0.371	0.05139	0.02990	0.03534	0.02490
0.372	0.05154	0.03001	0.03557	0.02500
0.373	0.05167	0.03000	0.03565	0.02498
0.374	0.05183	0.03004	0.03572	0.02504
0.375	0.05195	0.03017	0.03589	0.02518
0.376	0.05188	0.03029	0.03613	0.02520
0.377	0.05195	0.03032	0.03631	0.02519
0.378	0.05206	0.03035	0.03639	0.02522
0.379	0.05214	0.03049	0.03643	0.02531
0.38	0.05240	0.03070	0.03655	0.02531
0.381	0.05260	0.03081	0.03679	0.02539
0.382	0.05287	0.03087	0.03705	0.02555
0.383	0.05328	0.03097	0.03727	0.02574
0.384	0.05336	0.03112	0.03744	0.02582
0.385	0.05334	0.03123	0.03759	0.02594
0.386	0.05332	0.03130	0.03774	0.02608
0.387	0.05330	0.03140	0.03790	0.02616
0.388	0.05346	0.03151	0.03793	0.02620
0.389	0.05364	0.03164	0.03800	0.02634
0.39	0.05381	0.03179	0.03815	0.02654
0.391	0.05404	0.03194	0.03831	0.02658
0.392	0.05425	0.03212	0.03854	0.02657
0.393	0.05445	0.03224	0.03878	0.02663
0.394	0.05463	0.03231	0.03896	0.02675
0.395	0.05472	0.03251	0.03906	0.02684
0.396	0.05472	0.03252	0.03912	0.02692
0.397	0.05464	0.03246	0.03916	0.02698
0.398	0.05458	0.03247	0.03924	0.02701
0.399	0.05461	0.03256	0.03941	0.02709
0.4	0.05465	0.03261	0.03954	0.02711
0.401	0.05474	0.03266	0.03962	0.02714
0.402	0.05499	0.03280	0.03971	0.02727
0.403	0.05522	0.03287	0.03985	0.02733
0.404	0.05542	0.03294	0.03999	0.02736
0.405	0.05559	0.03303	0.04010	0.02740
0.406	0.05575	0.03313	0.04019	0.02747
0.407	0.05586	0.03321	0.04027	0.02751
0.408	0.05595	0.03328	0.04037	0.02753
0.409	0.05606	0.03334	0.04051	0.02757
0.41	0.05616	0.03339	0.04061	0.02767
0.411	0.05627	0.03347	0.04076	0.02775
0.412	0.05638	0.03354	0.04092	0.02782
0.413	0.05654	0.03355	0.04102	0.02787
0.414	0.05667	0.03365	0.04118	0.02795
0.415	0.05678	0.03377	0.04132	0.02802
0.416	0.05690	0.03388	0.04145	0.02808
0.417	0.05706	0.03399	0.04161	0.02819
0.418	0.05722	0.03405	0.04175	0.02823
0.419	0.05737	0.03411	0.04188	0.02828
0.42	0.05748	0.03424	0.04202	0.02837
0.421	0.05760	0.03439	0.04219	0.02846
0.422	0.05780	0.03451	0.04238	0.02852
0.423	0.05806	0.03461	0.04257	0.02859
0.424	0.05834	0.03472	0.04274	0.02870
0.425	0.05857	0.03487	0.04292	0.02882
0.426	0.05878	0.03503	0.04311	0.02894
0.427	0.05901	0.03517	0.04331	0.02904
0.428	0.05925	0.03527	0.04352	0.02911
0.429	0.05945	0.03538	0.04375	0.02924
0.43	0.05960	0.03552	0.04396	0.02936
0.431	0.05970	0.03567	0.04416	0.02946
0.432	0.05978	0.03577	0.04435	0.02954
0.433	0.05995	0.03587	0.04451	0.02965
0.434	0.06016	0.03600	0.04468	0.02977
0.435	0.06039	0.03617	0.04491	0.02988
0.436	0.06068	0.03632	0.04512	0.02997
0.437	0.06092	0.03645	0.04532	0.03009
0.438	0.06112	0.03658	0.04551	0.03023
0.439	0.06133	0.03671	0.04573	0.03030
0.44	0.06152	0.03684	0.04595	0.03042
0.441	0.06170	0.03697	0.04615	0.03057
0.442	0.06186	0.03711	0.04634	0.03073
0.443	0.06202	0.03726	0.04655	0.03085
0.444	0.06220	0.03740	0.04675	0.03097
0.445	0.06239	0.03755	0.04694	0.03110
0.446	0.06256	0.03767	0.04714	0.03124
0.447	0.06273	0.03780	0.04737	0.03134
0.448	0.06287	0.03793	0.04753	0.03144
0.449	0.06301	0.03804	0.04768	0.03155
0.45	0.06318	0.03815	0.04788	0.03166
0.451	0.06334	0.03828	0.04802	0.03175
0.452	0.06349	0.03840	0.04814	0.03183
0.453	0.06365	0.03850	0.04827	0.03193
0.454	0.06376	0.03859	0.04844	0.03198
0.455	0.06385	0.03868	0.04857	0.03208
0.456	0.06393	0.03875	0.04867	0.03218
0.457	0.06403	0.03881	0.04876	0.03223
0.458	0.06414	0.03888	0.04889	0.03230
0.459	0.06425	0.03896	0.04901	0.03236
0.46	0.06434	0.03903	0.04911	0.03240
0.461	0.06443	0.03906	0.04926	0.03245
0.462	0.06456	0.03913	0.04936	0.03255
0.463	0.06468	0.03921	0.04945	0.03263
0.464	0.06479	0.03929	0.04955	0.03269
0.465	0.06490	0.03937	0.04965	0.03276
0.466	0.06498	0.03944	0.04977	0.03282
0.467	0.06507	0.03951	0.04989	0.03288
0.468	0.06517	0.03959	0.05002	0.03296
0.469	0.06527	0.03966	0.05013	0.03302
0.47	0.06537	0.03972	0.05022	0.03308
0.471	0.06546	0.03977	0.05033	0.03314
0.472	0.06555	0.03983	0.05043	0.03319
0.473	0.06568	0.03990	0.05055	0.03327
0.474	0.06582	0.03998	0.05067	0.03334
0.475	0.06595	0.04007	0.05078	0.03340
0.476	0.06608	0.04012	0.05088	0.03347
0.477	0.06619	0.04018	0.05099	0.03356
0.478	0.06630	0.04025	0.05111	0.03364
0.479	0.06644	0.04034	0.05126	0.03371
0.48	0.06663	0.04044	0.05140	0.03376
0.481	0.06685	0.04058	0.05154	0.03384
0.482	0.06708	0.04071	0.05169	0.03395
0.483	0.06729	0.04081	0.05183	0.03404
0.484	0.06748	0.04093	0.05202	0.03416
0.485	0.06763	0.04104	0.05220	0.03430
0.486	0.06775	0.04115	0.05235	0.03442
0.487	0.06787	0.04127	0.05255	0.03452
0.488	0.06801	0.04140	0.05273	0.03465
0.489	0.06820	0.04152	0.05292	0.03479
0.49	0.06842	0.04165	0.05315	0.03494
0.491	0.06865	0.04179	0.05336	0.03507
0.492	0.06885	0.04194	0.05358	0.03523
0.493	0.06906	0.04208	0.05381	0.03541
0.494	0.06929	0.04221	0.05402	0.03558
0.495	0.06952	0.04239	0.05424	0.03573
0.496	0.06976	0.04259	0.05449	0.03590
0.497	0.07001	0.04276	0.05477	0.03609
0.498	0.07027	0.04295	0.05504	0.03627
0.499	0.07050	0.04312	0.05531	0.03644
0.5	0.07071	0.04330	0.05556	0.03662
0.501	0.07093	0.04348	0.05581	0.03681
0.502	0.07117	0.04364	0.05606	0.03699
0.503	0.07142	0.04382	0.05630	0.03720
0.504	0.07166	0.04402	0.05654	0.03740
0.505	0.07188	0.04420	0.05681	0.03754
0.506	0.07211	0.04438	0.05706	0.03774
0.507	0.07235	0.04455	0.05731	0.03794
0.508	0.07260	0.04470	0.05757	0.03809
0.509	0.07287	0.04486	0.05781	0.03830
0.51	0.07312	0.04505	0.05808	0.03850
0.511	0.07336	0.04526	0.05837	0.03867
0.512	0.07364	0.04544	0.05862	0.03885
0.513	0.07394	0.04562	0.05889	0.03904
0.514	0.07424	0.04580	0.05917	0.03923
0.515	0.07450	0.04597	0.05944	0.03941
0.516	0.07472	0.04618	0.05968	0.03962
0.517	0.07492	0.04635	0.05991	0.03978
0.518	0.07515	0.04652	0.06017	0.03995
0.519	0.07543	0.04674	0.06048	0.04018
0.52	0.07571	0.04691	0.06076	0.04040
0.521	0.07599	0.04709	0.06105	0.04062
0.522	0.07630	0.04729	0.06136	0.04086
0.523	0.07663	0.04753	0.06169	0.04110
0.524	0.07695	0.04777	0.06203	0.04136
0.525	0.07724	0.04799	0.06236	0.04161
0.526	0.07749	0.04820	0.06267	0.04186
0.527	0.07775	0.04842	0.06303	0.04212
0.528	0.07807	0.04864	0.06340	0.04242
0.529	0.07843	0.04889	0.06376	0.04272
0.53	0.07877	0.04915	0.06413	0.04301
0.531	0.07908	0.04943	0.06454	0.04332
0.532	0.07938	0.04968	0.06493	0.04362
0.533	0.07969	0.04992	0.06531	0.04391
0.534	0.08005	0.05019	0.06572	0.04423
0.535	0.08044	0.05047	0.06614	0.04454
0.536	0.08083	0.05076	0.06658	0.04487
0.537	0.08121	0.05106	0.06703	0.04523
0.538	0.08156	0.05134	0.06747	0.04557
0.539	0.08191	0.05164	0.06791	0.04593
0.54	0.08225	0.05194	0.06835	0.04630
0.541	0.08263	0.05226	0.06879	0.04663
0.542	0.08301	0.05255	0.06923	0.04699
0.543	0.08343	0.05284	0.06968	0.04736
0.544	0.08387	0.05315	0.07014	0.04773
0.545	0.08429	0.05347	0.07064	0.04810
0.546	0.08469	0.05380	0.07112	0.04847
0.547	0.08508	0.05413	0.07160	0.04884
0.548	0.08549	0.05445	0.07209	0.04922
0.549	0.08591	0.05477	0.07259	0.04959
0.55	0.08632	0.05510	0.07308	0.04996
0.551	0.08671	0.05543	0.07356	0.05033
0.552	0.08712	0.05578	0.07401	0.05072
0.553	0.08753	0.05612	0.07449	0.05110
0.554	0.08793	0.05648	0.07499	0.05145
0.555	0.08833	0.05684	0.07547	0.05180
0.556	0.08871	0.05720	0.07592	0.05218
0.557	0.08908	0.05753	0.07638	0.05256
0.558	0.08946	0.05784	0.07686	0.05293
0.559	0.08984	0.05816	0.07731	0.05330
0.56	0.09022	0.05848	0.07779	0.05366
0.561	0.09063	0.05879	0.07824	0.05401
0.562	0.09106	0.05908	0.07869	0.05437
0.563	0.09146	0.05934	0.07914	0.05471
0.564	0.09185	0.05959	0.07958	0.05506
0.565	0.09224	0.05982	0.08002	0.05539
0.566	0.09266	0.06006	0.08046	0.05570
0.567	0.09309	0.06030	0.08087	0.05601
0.568	0.09352	0.06054	0.08128	0.05629
0.569	0.09392	0.06077	0.08167	0.05655
0.57	0.09428	0.06103	0.08202	0.05682
0.571	0.09465	0.06131	0.08237	0.05707
0.572	0.09502	0.06159	0.08269	0.05732
0.573	0.09533	0.06183	0.08300	0.05754
0.574	0.09560	0.06205	0.08328	0.05776
0.575	0.09585	0.06229	0.08356	0.05798
0.576	0.09607	0.06252	0.08381	0.05821
0.577	0.09623	0.06269	0.08404	0.05845
0.578	0.09638	0.06285	0.08429	0.05866
0.579	0.09649	0.06302	0.08454	0.05883
0.58	0.09660	0.06317	0.08478	0.05899
0.581	0.09676	0.06328	0.08500	0.05919
0.582	0.09694	0.06341	0.08521	0.05937
0.583	0.09712	0.06353	0.08542	0.05954
0.584	0.09731	0.06364	0.08563	0.05968
0.585	0.09760	0.06376	0.08584	0.05981
0.586	0.09790	0.06388	0.08603	0.05995
0.587	0.09815	0.06399	0.08618	0.06008
0.588	0.09832	0.06407	0.08631	0.06015
0.589	0.09854	0.06417	0.08646	0.06025
0.59	0.09875	0.06428	0.08661	0.06036
0.591	0.09889	0.06439	0.08674	0.06047
0.592	0.09900	0.06449	0.08685	0.06058
0.593	0.09907	0.06456	0.08693	0.06067
0.594	0.09911	0.06461	0.08702	0.06074
0.595	0.09916	0.06467	0.08713	0.06081
0.596	0.09922	0.06471	0.08722	0.06088
0.597	0.09929	0.06473	0.08730	0.06096
0.598	0.09937	0.06476	0.08738	0.06103
0.599	0.09945	0.06484	0.08741	0.06109
0.6	0.09949	0.06488	0.08748	0.06113
0.601	0.09954	0.06488	0.08755	0.06116
0.602	0.09962	0.06489	0.08759	0.06120
0.603	0.09973	0.06491	0.08763	0.06124
0.604	0.09981	0.06494	0.08766	0.06125
0.605	0.09988	0.06496	0.08767	0.06126
0.606	0.09999	0.06497	0.08767	0.06126
0.607	0.10005	0.06498	0.08770	0.06125
0.608	0.10010	0.06498	0.08771	0.06125
0.609	0.10016	0.06496	0.08769	0.06124
0.61	0.10020	0.06495	0.08770	0.06122
0.611	0.10022	0.06494	0.08769	0.06121
0.612	0.10022	0.06492	0.08768	0.06120
0.613	0.10022	0.06490	0.08769	0.06118
0.614	0.10023	0.06491	0.08770	0.06115
0.615	0.10024	0.06490	0.08769	0.06116
0.616	0.10024	0.06488	0.08767	0.06116
0.617	0.10026	0.06486	0.08765	0.06112
0.618	0.10031	0.06486	0.08766	0.06112
0.619	0.10035	0.06486	0.08768	0.06114
0.62	0.10038	0.06488	0.08770	0.06116
0.621	0.10045	0.06488	0.08771	0.06119
0.622	0.10047	0.06487	0.08776	0.06120
0.623	0.10048	0.06487	0.08779	0.06120
0.624	0.10049	0.06490	0.08779	0.06125
0.625	0.10051	0.06495	0.08784	0.06125
0.626	0.10053	0.06499	0.08789	0.06129
0.627	0.10056	0.06501	0.08794	0.06136
0.628	0.10061	0.06501	0.08801	0.06140
0.629	0.10065	0.06502	0.08809	0.06144
0.63	0.10067	0.06506	0.08815	0.06149
0.631	0.10068	0.06511	0.08820	0.06156
0.632	0.10072	0.06516	0.08826	0.06161
0.633	0.10075	0.06523	0.08834	0.06167
0.634	0.10077	0.06530	0.08844	0.06175
0.635	0.10080	0.06533	0.08855	0.06183
0.636	0.10086	0.06539	0.08865	0.06191
0.637	0.10091	0.06548	0.08875	0.06200
0.638	0.10095	0.06555	0.08884	0.06210
0.639	0.10100	0.06558	0.08893	0.06217
0.64	0.10106	0.06562	0.08901	0.06223
0.641	0.10110	0.06568	0.08910	0.06231
0.642	0.10112	0.06573	0.08920	0.06240
0.643	0.10113	0.06577	0.08926	0.06242
0.644	0.10113	0.06579	0.08928	0.06246
0.645	0.10113	0.06580	0.08930	0.06250
0.646	0.10117	0.06581	0.08932	0.06250
0.647	0.10122	0.06581	0.08935	0.06251
0.648	0.10124	0.06580	0.08935	0.06253
0.649	0.10126	0.06579	0.08932	0.06252
0.65	0.10126	0.06576	0.08932	0.06246
0.651	0.10127	0.06573	0.08933	0.06245
0.652	0.10129	0.06571	0.08929	0.06243
0.653	0.10133	0.06566	0.08920	0.06236
0.654	0.10137	0.06556	0.08906	0.06223
0.655	0.10136	0.06544	0.08894	0.06211
0.656	0.10134	0.06532	0.08884	0.06199
0.657	0.10136	0.06520	0.08866	0.06180
0.658	0.10132	0.06505	0.08843	0.06159
0.659	0.10127	0.06488	0.08818	0.06136
0.66	0.10124	0.06473	0.08794	0.06112
0.661	0.10125	0.06456	0.08769	0.06084
0.662	0.10122	0.06439	0.08743	0.06054
0.663	0.10118	0.06421	0.08717	0.06025
0.664	0.10115	0.06403	0.08689	0.05999
0.665	0.10114	0.06380	0.08658	0.05972
0.666	0.10114	0.06360	0.08631	0.05945
0.667	0.10112	0.06346	0.08610	0.05919
0.668	0.10114	0.06331	0.08587	0.05895
0.669	0.10113	0.06315	0.08563	0.05875
0.67	0.10111	0.06300	0.08545	0.05858
0.671	0.10107	0.06289	0.08532	0.05841
0.672	0.10107	0.06284	0.08515	0.05827
0.673	0.10108	0.06277	0.08501	0.05816
0.674	0.10111	0.06270	0.08493	0.05809
0.675	0.10117	0.06268	0.08492	0.05804
0.676	0.10120	0.06266	0.08495	0.05807
0.677	0.10122	0.06267	0.08502	0.05816
0.678	0.10127	0.06275	0.08515	0.05831
0.679	0.10132	0.06290	0.08536	0.05858
0.68	0.10145	0.06310	0.08569	0.05889
0.681	0.10159	0.06334	0.08612	0.05927
0.682	0.10169	0.06363	0.08657	0.05975
0.683	0.10181	0.06398	0.08709	0.06024
0.684	0.10198	0.06436	0.08767	0.06079
0.685	0.10220	0.06476	0.08829	0.06140
0.686	0.10237	0.06521	0.08889	0.06201
0.687	0.10253	0.06560	0.08949	0.06259
0.688	0.10267	0.06601	0.09008	0.06315
0.689	0.10279	0.06646	0.09065	0.06368
0.69	0.10290	0.06685	0.09122	0.06420
0.691	0.10304	0.06722	0.09175	0.06469
0.692	0.10319	0.06758	0.09226	0.06517
0.693	0.10332	0.06791	0.09274	0.06564
0.694	0.10344	0.06821	0.09315	0.06605
0.695	0.10355	0.06850	0.09353	0.06639
0.696	0.10367	0.06877	0.09389	0.06668
0.697	0.10376	0.06904	0.09420	0.06700
0.698	0.10387	0.06927	0.09449	0.06728
0.699	0.10399	0.06946	0.09475	0.06750
0.7	0.10409	0.06961	0.09497	0.06768
0.701	0.10419	0.06978	0.09517	0.06788
0.702	0.10427	0.06993	0.09535	0.06806
0.703	0.10435	0.07006	0.09551	0.06822
0.704	0.10444	0.07019	0.09565	0.06836
0.705	0.10454	0.07032	0.09580	0.06850
0.706	0.10462	0.07044	0.09595	0.06863
0.707	0.10469	0.07053	0.09608	0.06873
0.708	0.10473	0.07063	0.09619	0.06884
0.709	0.10480	0.07075	0.09631	0.06894
0.71	0.10490	0.07086	0.09644	0.06903
0.711	0.10499	0.07095	0.09657	0.06912
0.712	0.10507	0.07103	0.09669	0.06918
0.713	0.10514	0.07112	0.09678	0.06921
0.714	0.10517	0.07119	0.09687	0.06924
0.715	0.10519	0.07124	0.09700	0.06929
0.716	0.10526	0.07136	0.09712	0.06933
0.717	0.10537	0.07149	0.09724	0.06943
0.718	0.10549	0.07159	0.09735	0.06959
0.719	0.10557	0.07164	0.09744	0.06970
0.72	0.10564	0.07174	0.09755	0.06976
0.721	0.10572	0.07185	0.09766	0.06981
0.722	0.10579	0.07188	0.09770	0.06987
0.723	0.10587	0.07195	0.09779	0.06994
0.724	0.10596	0.07205	0.09788	0.07000
0.725	0.10605	0.07215	0.09798	0.07006
0.726	0.10616	0.07221	0.09810	0.07017
0.727	0.10627	0.07228	0.09818	0.07024
0.728	0.10634	0.07234	0.09827	0.07030
0.729	0.10641	0.07241	0.09839	0.07040
0.73	0.10654	0.07249	0.09848	0.07049
0.731	0.10664	0.07254	0.09859	0.07060
0.732	0.10673	0.07261	0.09869	0.07068
0.733	0.10684	0.07270	0.09877	0.07072
0.734	0.10689	0.07275	0.09884	0.07078
0.735	0.10694	0.07279	0.09892	0.07084
0.736	0.10702	0.07286	0.09901	0.07091
0.737	0.10710	0.07292	0.09908	0.07099
0.738	0.10720	0.07299	0.09914	0.07105
0.739	0.10729	0.07307	0.09922	0.07111
0.74	0.10738	0.07313	0.09930	0.07119
0.741	0.10745	0.07320	0.09939	0.07126
0.742	0.10755	0.07328	0.09946	0.07130
0.743	0.10766	0.07335	0.09953	0.07134
0.744	0.10774	0.07340	0.09962	0.07141
0.745	0.10777	0.07343	0.09971	0.07150
0.746	0.10785	0.07347	0.09978	0.07156
0.747	0.10798	0.07354	0.09984	0.07158
0.748	0.10808	0.07364	0.09994	0.07164
0.749	0.10816	0.07370	0.10000	0.07170
0.75	0.10823	0.07375	0.10006	0.07175
0.751	0.10830	0.07381	0.10015	0.07181
0.752	0.10837	0.07384	0.10028	0.07188
0.753	0.10846	0.07390	0.10034	0.07193
0.754	0.10849	0.07398	0.10037	0.07197
0.755	0.10840	0.07408	0.10040	0.07198
0.756	0.10821	0.07413	0.10046	0.07194
0.757	0.10835	0.07416	0.10059	0.07195
0.758	0.10890	0.07417	0.10073	0.07207
0.759	0.10895	0.07413	0.10073	0.07212
0.76	0.10897	0.07417	0.10082	0.07223
0.761	0.10909	0.07424	0.10091	0.07231
0.762	0.10927	0.07431	0.10095	0.07232
0.763	0.10932	0.07439	0.10101	0.07240
0.764	0.10933	0.07447	0.10109	0.07247
0.765	0.10934	0.07453	0.10118	0.07253
0.766	0.10939	0.07456	0.10128	0.07257
0.767	0.10944	0.07461	0.10136	0.07261
0.768	0.10951	0.07470	0.10143	0.07265
0.769	0.10959	0.07479	0.10149	0.07270
0.77	0.10964	0.07488	0.10151	0.07278
0.771	0.10969	0.07490	0.10157	0.07282
0.772	0.10975	0.07491	0.10164	0.07283
0.773	0.10981	0.07495	0.10170	0.07285
0.774	0.10986	0.07501	0.10179	0.07294
0.775	0.10991	0.07506	0.10183	0.07298
0.776	0.10996	0.07511	0.10185	0.07299
0.777	0.10999	0.07515	0.10193	0.07300
0.778	0.11004	0.07518	0.10202	0.07306
0.779	0.11010	0.07521	0.10207	0.07309
0.78	0.11015	0.07524	0.10209	0.07311
0.781	0.11017	0.07530	0.10217	0.07320
0.782	0.11022	0.07535	0.10222	0.07323
0.783	0.11026	0.07539	0.10226	0.07323
0.784	0.11029	0.07542	0.10229	0.07326
0.785	0.11036	0.07543	0.10231	0.07331
0.786	0.11039	0.07546	0.10231	0.07334
0.787	0.11041	0.07549	0.10233	0.07334
0.788	0.11048	0.07553	0.10237	0.07335
0.789	0.11049	0.07558	0.10244	0.07338
0.79	0.11053	0.07563	0.10249	0.07341
0.791	0.11061	0.07566	0.10252	0.07344
0.792	0.11068	0.07566	0.10256	0.07347
0.793	0.11068	0.07572	0.10257	0.07348
0.794	0.11067	0.07575	0.10259	0.07350
0.795	0.11066	0.07572	0.10263	0.07353
0.796	0.11063	0.07577	0.10265	0.07355
0.797	0.11066	0.07581	0.10269	0.07358
0.798	0.11070	0.07584	0.10271	0.07360
0.799	0.11072	0.07585	0.10273	0.07359
0.8	0.11071	0.07586	0.10275	0.07361
0.801	0.11072	0.07587	0.10277	0.07363
0.802	0.11075	0.07588	0.10278	0.07367
0.803	0.11077	0.07587	0.10279	0.07370
0.804	0.11078	0.07588	0.10276	0.07373
0.805	0.11079	0.07590	0.10281	0.07371
0.806	0.11079	0.07590	0.10290	0.07367
0.807	0.11081	0.07587	0.10286	0.07364
0.808	0.11077	0.07587	0.10282	0.07365
0.809	0.11074	0.07591	0.10279	0.07365
0.81	0.11075	0.07597	0.10279	0.07359
0.811	0.11067	0.07598	0.10282	0.07353
0.812	0.11064	0.07595	0.10278	0.07353
0.813	0.11062	0.07595	0.10274	0.07352
0.814	0.11057	0.07599	0.10273	0.07345
0.815	0.11061	0.07598	0.10271	0.07349
0.816	0.11062	0.07597	0.10273	0.07353
0.817	0.11058	0.07597	0.10276	0.07355
0.818	0.11052	0.07594	0.10273	0.07355
0.819	0.11050	0.07597	0.10266	0.07357
0.82	0.11049	0.07597	0.10264	0.07355
0.821	0.11047	0.07591	0.10264	0.07351
0.822	0.11043	0.07590	0.10258	0.07356
0.823	0.11037	0.07593	0.10256	0.07357
0.824	0.11034	0.07594	0.10253	0.07353
0.825	0.11033	0.07589	0.10250	0.07346
0.826	0.11028	0.07586	0.10252	0.07344
0.827	0.11028	0.07584	0.10252	0.07342
0.828	0.11028	0.07583	0.10249	0.07342
0.829	0.11021	0.07581	0.10243	0.07345
0.83	0.11025	0.07582	0.10240	0.07344
0.831	0.11022	0.07579	0.10236	0.07344
0.832	0.11013	0.07575	0.10232	0.07347
0.833	0.11007	0.07574	0.10231	0.07351
0.834	0.11004	0.07573	0.10230	0.07346
0.835	0.11005	0.07569	0.10227	0.07343
0.836	0.11007	0.07564	0.10223	0.07346
0.837	0.11002	0.07563	0.10215	0.07345
0.838	0.10993	0.07561	0.10210	0.07347
0.839	0.10988	0.07560	0.10203	0.07347
0.84	0.10987	0.07561	0.10196	0.07343
0.841	0.10981	0.07560	0.10200	0.07341
0.842	0.10980	0.07556	0.10204	0.07340
0.843	0.10979	0.07554	0.10201	0.07337
0.844	0.10970	0.07555	0.10193	0.07329
0.845	0.10957	0.07540	0.10196	0.07320
0.846	0.10954	0.07531	0.10192	0.07317
0.847	0.10955	0.07533	0.10183	0.07316
0.848	0.10942	0.07538	0.10179	0.07312
0.849	0.10928	0.07539	0.10172	0.07309
0.85	0.10930	0.07535	0.10168	0.07313
0.851	0.10943	0.07528	0.10168	0.07319
0.852	0.10939	0.07524	0.10168	0.07319
0.853	0.10931	0.07517	0.10163	0.07313
0.854	0.10919	0.07511	0.10160	0.07304
0.855	0.10905	0.07510	0.10159	0.07299
0.856	0.10904	0.07508	0.10147	0.07302
0.857	0.10903	0.07508	0.10140	0.07305
0.858	0.10902	0.07508	0.10142	0.07304
0.859	0.10902	0.07507	0.10146	0.07299
0.86	0.10887	0.07503	0.10139	0.07295
0.861	0.10875	0.07498	0.10128	0.07294
0.862	0.10871	0.07496	0.10120	0.07293
0.863	0.10876	0.07498	0.10118	0.07291
0.864	0.10872	0.07495	0.10121	0.07291
0.865	0.10866	0.07493	0.10124	0.07293
0.866	0.10857	0.07494	0.10122	0.07294
0.867	0.10843	0.07494	0.10115	0.07289
0.868	0.10841	0.07483	0.10108	0.07285
0.869	0.10838	0.07478	0.10101	0.07282
0.87	0.10833	0.07482	0.10099	0.07279
0.871	0.10833	0.07483	0.10101	0.07278
0.872	0.10833	0.07487	0.10109	0.07280
0.873	0.10833	0.07490	0.10111	0.07280
0.874	0.10832	0.07487	0.10104	0.07278
0.875	0.10820	0.07476	0.10104	0.07278
0.876	0.10817	0.07474	0.10098	0.07282
0.877	0.10813	0.07476	0.10096	0.07281
0.878	0.10801	0.07472	0.10103	0.07269
0.879	0.10799	0.07473	0.10100	0.07273
0.88	0.10799	0.07475	0.10095	0.07273
0.881	0.10798	0.07476	0.10092	0.07272
0.882	0.10796	0.07477	0.10093	0.07276
0.883	0.10791	0.07474	0.10090	0.07277
0.884	0.10793	0.07466	0.10091	0.07278
0.885	0.10797	0.07460	0.10091	0.07277
0.886	0.10792	0.07466	0.10088	0.07270
0.887	0.10785	0.07467	0.10095	0.07266
0.888	0.10779	0.07468	0.10097	0.07274
0.889	0.10773	0.07469	0.10092	0.07285
0.89	0.10759	0.07464	0.10092	0.07273
0.891	0.10753	0.07467	0.10093	0.07264
0.892	0.10754	0.07475	0.10090	0.07258
0.893	0.10756	0.07478	0.10082	0.07254
0.894	0.10746	0.07462	0.10076	0.07252
0.895	0.10747	0.07461	0.10078	0.07252
0.896	0.10747	0.07470	0.10084	0.07248
0.897	0.10740	0.07472	0.10093	0.07242
0.898	0.10732	0.07455	0.10104	0.07248
0.899	0.10732	0.07453	0.10101	0.07251
0.9	0.10729	0.07467	0.10096	0.07247
0.901	0.10720	0.07484	0.10099	0.07242
0.902	0.10730	0.07477	0.10096	0.07245
0.903	0.10742	0.07479	0.10097	0.07254
0.904	0.10744	0.07484	0.10103	0.07258
0.905	0.10729	0.07475	0.10110	0.07251
0.906	0.10724	0.07458	0.10112	0.07240
0.907	0.10717	0.07461	0.10110	0.07245
0.908	0.10717	0.07469	0.10109	0.07253
0.909	0.10730	0.07459	0.10114	0.07246
0.91	0.10734	0.07462	0.10111	0.07259
0.911	0.10734	0.07474	0.10118	0.07274
0.912	0.10737	0.07481	0.10131	0.07282
0.913	0.10747	0.07474	0.10129	0.07281
0.914	0.10767	0.07480	0.10140	0.07289
0.915	0.10767	0.07485	0.10147	0.07298
0.916	0.10757	0.07485	0.10144	0.07302
0.917	0.10772	0.07481	0.10141	0.07301
0.918	0.10766	0.07488	0.10133	0.07305
0.919	0.10764	0.07493	0.10130	0.07303
0.92	0.10770	0.07494	0.10135	0.07301
0.921	0.10763	0.07500	0.10137	0.07321
0.922	0.10774	0.07513	0.10129	0.07318
0.923	0.10780	0.07520	0.10133	0.07303
0.924	0.10766	0.07513	0.10149	0.07289
0.925	0.10746	0.07507	0.10148	0.07283
0.926	0.10745	0.07515	0.10137	0.07261
0.927	0.10745	0.07527	0.10125	0.07245
0.928	0.10730	0.07534	0.10116	0.07242
0.929	0.10706	0.07543	0.10108	0.07214
0.93	0.10709	0.07538	0.10122	0.07195
0.931	0.10719	0.07531	0.10131	0.07176
0.932	0.10718	0.07531	0.10119	0.07157
0.933	0.10722	0.07529	0.10114	0.07167
0.934	0.10707	0.07525	0.10122	0.07201
0.935	0.10705	0.07527	0.10117	0.07222
0.936	0.10731	0.07533	0.10099	0.07215
0.937	0.10721	0.07528	0.10148	0.07227
0.938	0.10724	0.07532	0.10147	0.07223
0.939	0.10719	0.07526	0.10119	0.07209
0.94	0.10692	0.07501	0.10113	0.07205
0.941	0.10708	0.07510	0.10103	0.07231
0.942	0.10710	0.07523	0.10112	0.07261
0.943	0.10705	0.07534	0.10131	0.07265
0.944	0.10715	0.07548	0.10140	0.07236
0.945	0.10744	0.07569	0.10133	0.07234
0.946	0.10749	0.07563	0.10122	0.07233
0.947	0.10738	0.07545	0.10123	0.07242
0.948	0.10736	0.07540	0.10146	0.07268
0.949	0.10744	0.07534	0.10151	0.07272
0.95	0.10745	0.07553	0.10140	0.07275
0.951	0.10739	0.07566	0.10137	0.07270
0.952	0.10735	0.07547	0.10159	0.07257
0.953	0.10739	0.07549	0.10147	0.07285
0.954	0.10757	0.07557	0.10144	0.07293
0.955	0.10777	0.07567	0.10153	0.07282
0.956	0.10779	0.07576	0.10163	0.07275
0.957	0.10751	0.07561	0.10176	0.07263
0.958	0.10739	0.07565	0.10203	0.07269
0.959	0.10742	0.07576	0.10210	0.07285
0.96	0.10734	0.07564	0.10171	0.07287
0.961	0.10719	0.07556	0.10177	0.07283
0.962	0.10718	0.07547	0.10183	0.07311
0.963	0.10723	0.07552	0.10188	0.07354
0.964	0.10720	0.07580	0.10207	0.07377
0.965	0.10730	0.07587	0.10214	0.07375
0.966	0.10741	0.07583	0.10232	0.07354
0.967	0.10732	0.07585	0.10232	0.07345
0.968	0.10698	0.07604	0.10189	0.07369
0.969	0.10731	0.07596	0.10179	0.07353
0.97	0.10764	0.07608	0.10197	0.07359
0.971	0.10766	0.07608	0.10218	0.07386
0.972	0.10747	0.07557	0.10218	0.07401
0.973	0.10770	0.07562	0.10220	0.07377
0.974	0.10780	0.07586	0.10190	0.07377
0.975	0.10771	0.07576	0.10176	0.07386
0.976	0.10759	0.07518	0.10232	0.07372
0.977	0.10735	0.07536	0.10264	0.07399
0.978	0.10695	0.07559	0.10227	0.07406
0.979	0.10671	0.07575	0.10213	0.07400
0.98	0.10688	0.07589	0.10304	0.07405
0.981	0.10684	0.07562	0.10315	0.07386
0.982	0.10691	0.07579	0.10244	0.07384
0.983	0.10702	0.07588	0.10182	0.07404
0.984	0.10710	0.07535	0.10210	0.07424
0.985	0.10766	0.07561	0.10226	0.07401
0.986	0.10798	0.07584	0.10227	0.07390
0.987	0.10794	0.07573	0.10229	0.07394
0.988	0.10763	0.07538	0.10242	0.07399
0.989	0.10693	0.07557	0.10213	0.07423
0.99	0.10710	0.07559	0.10242	0.07440
0.991	0.10761	0.07568	0.10250	0.07406
0.992	0.10761	0.07608	0.10180	0.07327
0.993	0.10734	0.07596	0.10209	0.07352
0.994	0.10706	0.07600	0.10251	0.07373
0.995	0.10710	0.07584	0.10262	0.07430
0.996	0.10737	0.07538	0.10257	0.07506
0.997	0.10686	0.07579	0.10347	0.07368
0.998	0.10630	0.07579	0.10331	0.07357
0.999	0.10646	0.07520	0.10251	0.07412
1	0.10722	0.07457	0.10198	0.07425
1.001	0.10918	0.07735	0.10483	0.07570
1.002	0.10918	0.07729	0.10502	0.07562
1.003	0.10909	0.07728	0.10507	0.07561
1.004	0.10886	0.07723	0.10502	0.07581
1.005	0.10877	0.07727	0.10507	0.07588
1.006	0.10864	0.07742	0.10515	0.07587
1.007	0.10859	0.07754	0.10521	0.07591
1.008	0.10877	0.07765	0.10531	0.07585
1.009	0.10897	0.07772	0.10537	0.07579
1.01	0.10904	0.07771	0.10539	0.07583
1.011	0.10908	0.07758	0.10527	0.07587
1.012	0.10910	0.07754	0.10530	0.07596
1.013	0.10899	0.07743	0.10538	0.07619
1.014	0.10903	0.07742	0.10547	0.07630
1.015	0.10917	0.07751	0.10565	0.07640
1.016	0.10920	0.07754	0.10574	0.07641
1.017	0.10920	0.07762	0.10580	0.07626
1.018	0.10923	0.07766	0.10587	0.07625
1.019	0.10919	0.07760	0.10595	0.07620
1.02	0.10920	0.07764	0.10598	0.07624
1.021	0.10929	0.07771	0.10601	0.07640
1.022	0.10933	0.07778	0.10597	0.07659
1.023	0.10928	0.07783	0.10590	0.07666
1.024	0.10922	0.07790	0.10586	0.07666
1.025	0.10924	0.07796	0.10586	0.07663
1.026	0.10925	0.07798	0.10590	0.07643
1.027	0.10930	0.07803	0.10594	0.07640
1.028	0.10947	0.07813	0.10602	0.07647
1.029	0.10951	0.07817	0.10602	0.07644
1.03	0.10946	0.07816	0.10594	0.07639
1.031	0.10949	0.07819	0.10597	0.07642
1.032	0.10949	0.07827	0.10600	0.07638
1.033	0.10952	0.07829	0.10606	0.07641
1.034	0.10965	0.07826	0.10624	0.07659
1.035	0.10972	0.07829	0.10635	0.07669
1.036	0.10974	0.07835	0.10644	0.07675
1.037	0.10976	0.07832	0.10646	0.07681
1.038	0.10988	0.07834	0.10651	0.07693
1.039	0.10995	0.07835	0.10653	0.07713
1.04	0.10999	0.07829	0.10654	0.07717
1.041	0.11002	0.07812	0.10649	0.07718
1.042	0.11004	0.07808	0.10652	0.07717
1.043	0.10998	0.07803	0.10655	0.07701
1.044	0.11002	0.07808	0.10662	0.07696
1.045	0.11012	0.07824	0.10679	0.07696
1.046	0.11019	0.07839	0.10688	0.07699
1.047	0.11029	0.07869	0.10696	0.07710
1.048	0.11033	0.07879	0.10699	0.07711
1.049	0.11035	0.07881	0.10695	0.07707
1.05	0.11037	0.07881	0.10697	0.07711
1.051	0.11037	0.07865	0.10699	0.07718
1.052	0.11034	0.07854	0.10706	0.07712
1.053	0.11039	0.07850	0.10710	0.07735
1.054	0.11045	0.07847	0.10702	0.07750
1.055	0.11049	0.07849	0.10698	0.07749
1.056	0.11055	0.07857	0.10686	0.07738
1.057	0.11062	0.07862	0.10684	0.07736
1.058	0.11067	0.07870	0.10684	0.07721
1.059	0.11073	0.07873	0.10690	0.07719
1.06	0.11082	0.07869	0.10705	0.07731
1.061	0.11087	0.07871	0.10709	0.07735
1.062	0.11083	0.07873	0.10712	0.07739
1.063	0.11087	0.07876	0.10715	0.07740
1.064	0.11096	0.07888	0.10709	0.07737
1.065	0.11104	0.07891	0.10708	0.07738
1.066	0.11120	0.07881	0.10708	0.07735
1.067	0.11129	0.07882	0.10709	0.07735
1.068	0.11135	0.07885	0.10706	0.07745
1.069	0.11133	0.07889	0.10709	0.07743
1.07	0.11135	0.07887	0.10711	0.07737
1.071	0.11142	0.07905	0.10721	0.07744
1.072	0.11145	0.07914	0.10725	0.07751
1.073	0.11150	0.07920	0.10731	0.07760
1.074	0.11154	0.07921	0.10733	0.07765
1.075	0.11155	0.07923	0.10730	0.07773
1.076	0.11159	0.07921	0.10732	0.07774
1.077	0.11166	0.07907	0.10737	0.07765
1.078	0.11170	0.07906	0.10739	0.07767
1.079	0.11173	0.07917	0.10743	0.07771
1.08	0.11177	0.07919	0.10746	0.07775
1.081	0.11178	0.07917	0.10747	0.07787
1.082	0.11182	0.07920	0.10749	0.07792
1.083	0.11188	0.07923	0.10751	0.07791
1.084	0.11194	0.07921	0.10760	0.07795
1.085	0.11199	0.07928	0.10766	0.07785
1.086	0.11200	0.07943	0.10769	0.07775
1.087	0.11202	0.07947	0.10773	0.07774
1.088	0.11197	0.07945	0.10777	0.07773
1.089	0.11204	0.07949	0.10777	0.07776
1.09	0.11220	0.07947	0.10772	0.07793
1.091	0.11226	0.07952	0.10771	0.07797
1.092	0.11238	0.07963	0.10764	0.07792
1.093	0.11240	0.07970	0.10762	0.07791
1.094	0.11227	0.07979	0.10763	0.07785
1.095	0.11226	0.07983	0.10767	0.07785
1.096	0.11230	0.07981	0.10777	0.07793
1.097	0.11231	0.07983	0.10781	0.07792
1.098	0.11234	0.07984	0.10785	0.07787
1.099	0.11238	0.07983	0.10787	0.07780
1.1	0.11241	0.07985	0.10784	0.07780
1.101	0.11242	0.07984	0.10786	0.07780
1.102	0.11244	0.07983	0.10787	0.07785
1.103	0.11253	0.07978	0.10787	0.07793
1.104	0.11255	0.07975	0.10785	0.07795
1.105	0.11251	0.07972	0.10776	0.07790
1.106	0.11252	0.07971	0.10778	0.07788
1.107	0.11254	0.07969	0.10788	0.07783
1.108	0.11259	0.07971	0.10794	0.07784
1.109	0.11272	0.07980	0.10804	0.07793
1.11	0.11275	0.07985	0.10808	0.07791
1.111	0.11272	0.07991	0.10802	0.07786
1.112	0.11274	0.07997	0.10801	0.07783
1.113	0.11274	0.08006	0.10799	0.07770
1.114	0.11272	0.08010	0.10799	0.07763
1.115	0.11272	0.08015	0.10801	0.07762
1.116	0.11269	0.08022	0.10803	0.07763
1.117	0.11265	0.08021	0.10802	0.07753
1.118	0.11261	0.08020	0.10804	0.07752
1.119	0.11261	0.08024	0.10800	0.07755
1.12	0.11266	0.08026	0.10790	0.07743
1.121	0.11265	0.08028	0.10788	0.07740
1.122	0.11259	0.08036	0.10782	0.07739
1.123	0.11258	0.08038	0.10790	0.07737
1.124	0.11257	0.08037	0.10813	0.07737
1.125	0.11257	0.08038	0.10825	0.07737
1.126	0.11260	0.08036	0.10841	0.07734
1.127	0.11262	0.08037	0.10846	0.07733
1.128	0.11268	0.08045	0.10835	0.07732
1.129	0.11267	0.08044	0.10832	0.07729
1.13	0.11258	0.08036	0.10831	0.07722
1.131	0.11256	0.08033	0.10824	0.07725
1.132	0.11254	0.08024	0.10814	0.07726
1.133	0.11253	0.08022	0.10799	0.07741
1.134	0.11263	0.08042	0.10795	0.07756
1.135	0.11269	0.08058	0.10797	0.07764
1.136	0.11271	0.08062	0.10795	0.07773
1.137	0.11275	0.08073	0.10804	0.07779
1.138	0.11276	0.08072	0.10800	0.07772
1.139	0.11276	0.08053	0.10781	0.07754
1.14	0.11276	0.08048	0.10775	0.07748
1.141	0.11277	0.08046	0.10771	0.07740
1.142	0.11277	0.08042	0.10770	0.07731
1.143	0.11280	0.08037	0.10776	0.07730
1.144	0.11277	0.08037	0.10776	0.07727
1.145	0.11267	0.08042	0.10777	0.07709
1.146	0.11265	0.08041	0.10773	0.07706
1.147	0.11264	0.08040	0.10758	0.07721
1.148	0.11262	0.08039	0.10749	0.07725
1.149	0.11262	0.08029	0.10735	0.07722
1.15	0.11266	0.08026	0.10727	0.07728
1.151	0.11261	0.08030	0.10730	0.07746
1.152	0.11252	0.08033	0.10733	0.07751
1.153	0.11247	0.08031	0.10737	0.07761
1.154	0.11243	0.08030	0.10740	0.07773
1.155	0.11244	0.08033	0.10737	0.07780
1.156	0.11252	0.08036	0.10727	0.07777
1.157	0.11254	0.08037	0.10724	0.07778
1.158	0.11259	0.08046	0.10718	0.07781
1.159	0.11255	0.08044	0.10718	0.07784
1.16	0.11239	0.08027	0.10727	0.07787
1.161	0.11238	0.08024	0.10729	0.07788
1.162	0.11242	0.08024	0.10733	0.07790
1.163	0.11245	0.08023	0.10734	0.07793
1.164	0.11258	0.08028	0.10729	0.07789
1.165	0.11262	0.08029	0.10727	0.07794
1.166	0.11261	0.08027	0.10726	0.07813
1.167	0.11258	0.08027	0.10725	0.07823
1.168	0.11250	0.08031	0.10726	0.07830
1.169	0.11246	0.08028	0.10723	0.07838
1.17	0.11242	0.08028	0.10725	0.07838
1.171	0.11235	0.08032	0.10724	0.07832
1.172	0.11233	0.08035	0.10723	0.07829
1.173	0.11234	0.08038	0.10722	0.07828
1.174	0.11234	0.08038	0.10721	0.07829
1.175	0.11234	0.08034	0.10719	0.07830
1.176	0.11233	0.08035	0.10719	0.07833
1.177	0.11232	0.08035	0.10720	0.07842
1.178	0.11233	0.08038	0.10724	0.07845
1.179	0.11235	0.08047	0.10731	0.07848
1.18	0.11234	0.08050	0.10734	0.07850
1.181	0.11234	0.08050	0.10738	0.07848
1.182	0.11231	0.08051	0.10742	0.07849
1.183	0.11222	0.08049	0.10745	0.07851
1.184	0.11220	0.08048	0.10749	0.07854
1.185	0.11220	0.08044	0.10752	0.07858
1.186	0.11222	0.08045	0.10760	0.07866
1.187	0.11224	0.08046	0.10762	0.07868
1.188	0.11225	0.08043	0.10761	0.07872
1.189	0.11223	0.08044	0.10765	0.07878
1.19	0.11216	0.08048	0.10764	0.07879
1.191	0.11216	0.08055	0.10763	0.07886
1.192	0.11218	0.08066	0.10764	0.07888
1.193	0.11216	0.08072	0.10768	0.07889
1.194	0.11214	0.08079	0.10775	0.07888
1.195	0.11209	0.08082	0.10777	0.07889
1.196	0.11197	0.08079	0.10781	0.07888
1.197	0.11193	0.08078	0.10781	0.07889
1.198	0.11191	0.08076	0.10773	0.07895
1.199	0.11194	0.08075	0.10773	0.07894
1.2	0.11205	0.08071	0.10780	0.07892
1.201	0.11209	0.08073	0.10783	0.07891
1.202	0.11212	0.08082	0.10787	0.07883
1.203	0.11215	0.08086	0.10791	0.07881
1.204	0.11217	0.08090	0.10794	0.07885
1.205	0.11213	0.08095	0.10795	0.07884
1.206	0.11216	0.08097	0.10800	0.07891
1.207	0.11220	0.08095	0.10806	0.07905
1.208	0.11214	0.08104	0.10811	0.07915
1.209	0.11215	0.08115	0.10823	0.07927
1.21	0.11220	0.08120	0.10840	0.07934
1.211	0.11219	0.08126	0.10855	0.07929
1.212	0.11222	0.08126	0.10864	0.07930
1.213	0.11235	0.08118	0.10872	0.07930
1.214	0.11236	0.08116	0.10875	0.07932
1.215	0.11227	0.08114	0.10865	0.07935
1.216	0.11229	0.08112	0.10869	0.07940
1.217	0.11233	0.08107	0.10879	0.07942
1.218	0.11236	0.08109	0.10885	0.07949
1.219	0.11248	0.08113	0.10899	0.07965
1.22	0.11252	0.08118	0.10904	0.07971
1.221	0.11250	0.08129	0.10899	0.07973
1.222	0.11252	0.08136	0.10900	0.07978
1.223	0.11252	0.08139	0.10902	0.07979
1.224	0.11253	0.08144	0.10905	0.07979
1.225	0.11256	0.08150	0.10909	0.07979
1.226	0.11260	0.08154	0.10916	0.07981
1.227	0.11263	0.08160	0.10919	0.07990
1.228	0.11268	0.08168	0.10922	0.07993
1.229	0.11276	0.08171	0.10929	0.07997
1.23	0.11280	0.08173	0.10936	0.08007
1.231	0.11282	0.08175	0.10947	0.08005
1.232	0.11288	0.08175	0.10960	0.08006
1.233	0.11294	0.08179	0.10964	0.08010
1.234	0.11299	0.08191	0.10961	0.08020
1.235	0.11303	0.08192	0.10964	0.08023
1.236	0.11310	0.08189	0.10962	0.08021
1.237	0.11314	0.08191	0.10967	0.08026
1.238	0.11313	0.08186	0.10979	0.08034
1.239	0.11314	0.08189	0.10986	0.08038
1.24	0.11317	0.08205	0.10989	0.08045
1.241	0.11320	0.08211	0.10996	0.08050
1.242	0.11322	0.08212	0.11004	0.08048
1.243	0.11327	0.08215	0.11012	0.08049
1.244	0.11333	0.08212	0.11025	0.08054
1.245	0.11345	0.08212	0.11030	0.08059
1.246	0.11352	0.08221	0.11036	0.08063
1.247	0.11358	0.08227	0.11045	0.08070
1.248	0.11362	0.08232	0.11046	0.08067
1.249	0.11361	0.08231	0.11052	0.08067
1.25	0.11360	0.08234	0.11054	0.08065
1.251	0.11370	0.08237	0.11055	0.08064
1.252	0.11380	0.08246	0.11061	0.08072
1.253	0.11386	0.08262	0.11064	0.08074
1.254	0.11393	0.08267	0.11068	0.08079
1.255	0.11403	0.08267	0.11071	0.08087
1.256	0.11406	0.08270	0.11077	0.08090
1.257	0.11403	0.08266	0.11088	0.08091
1.258	0.11406	0.08270	0.11096	0.08098
1.259	0.11405	0.08283	0.11104	0.08103
1.26	0.11414	0.08287	0.11110	0.08107
1.261	0.11438	0.08289	0.11114	0.08117
1.262	0.11447	0.08292	0.11116	0.08120
1.263	0.11451	0.08289	0.11118	0.08111
1.264	0.11457	0.08291	0.11122	0.08113
1.265	0.11455	0.08296	0.11129	0.08124
1.266	0.11454	0.08306	0.11129	0.08127
1.267	0.11460	0.08302	0.11130	0.08130
1.268	0.11465	0.08309	0.11134	0.08147
1.269	0.11472	0.08317	0.11137	0.08150
1.27	0.11474	0.08316	0.11144	0.08154
1.271	0.11476	0.08327	0.11151	0.08161
1.272	0.11489	0.08335	0.11155	0.08154
1.273	0.11496	0.08338	0.11153	0.08147
1.274	0.11504	0.08340	0.11145	0.08144
1.275	0.11518	0.08335	0.11145	0.08139
1.276	0.11525	0.08336	0.11147	0.08146
1.277	0.11531	0.08340	0.11149	0.08153
1.278	0.11535	0.08346	0.11154	0.08163
1.279	0.11538	0.08351	0.11158	0.08169
1.28	0.11538	0.08358	0.11158	0.08177
1.281	0.11541	0.08365	0.11163	0.08182
1.282	0.11539	0.08376	0.11174	0.08185
1.283	0.11542	0.08381	0.11181	0.08183
1.284	0.11550	0.08385	0.11191	0.08171
1.285	0.11554	0.08385	0.11193	0.08173
1.286	0.11558	0.08370	0.11186	0.08183
1.287	0.11564	0.08370	0.11183	0.08184
1.288	0.11574	0.08378	0.11177	0.08194
1.289	0.11576	0.08389	0.11177	0.08197
1.29	0.11582	0.08390	0.11181	0.08181
1.291	0.11592	0.08389	0.11192	0.08177
1.292	0.11598	0.08387	0.11198	0.08176
1.293	0.11605	0.08382	0.11201	0.08178
1.294	0.11609	0.08388	0.11208	0.08190
1.295	0.11606	0.08396	0.11203	0.08192
1.296	0.11603	0.08395	0.11190	0.08184
1.297	0.11602	0.08396	0.11183	0.08181
1.298	0.11596	0.08396	0.11183	0.08172
1.299	0.11594	0.08396	0.11185	0.08159
1.3	0.11596	0.08399	0.11184	0.08158
1.301	0.11597	0.08400	0.11193	0.08169
1.302	0.11602	0.08400	0.11194	0.08174
1.303	0.11619	0.08400	0.11183	0.08185
1.304	0.11623	0.08405	0.11182	0.08184
1.305	0.11621	0.08410	0.11191	0.08170
1.306	0.11621	0.08416	0.11190	0.08168
1.307	0.11617	0.08427	0.11186	0.08166
1.308	0.11613	0.08432	0.11182	0.08169
1.309	0.11607	0.08430	0.11169	0.08188
1.31	0.11607	0.08431	0.11165	0.08194
1.311	0.11612	0.08431	0.11169	0.08190
1.312	0.11614	0.08431	0.11167	0.08187
1.313	0.11622	0.08431	0.11169	0.08180
1.314	0.11628	0.08432	0.11168	0.08173
1.315	0.11621	0.08427	0.11158	0.08167
1.316	0.11615	0.08420	0.11148	0.08162
1.317	0.11615	0.08418	0.11138	0.08148
1.318	0.11612	0.08420	0.11134	0.08138
1.319	0.11610	0.08427	0.11134	0.08129
1.32	0.11609	0.08433	0.11129	0.08124
1.321	0.11605	0.08435	0.11124	0.08137
1.322	0.11606	0.08443	0.11122	0.08141
1.323	0.11611	0.08445	0.11111	0.08131
1.324	0.11610	0.08446	0.11108	0.08120
1.325	0.11598	0.08450	0.11102	0.08117
1.326	0.11586	0.08447	0.11080	0.08109
1.327	0.11577	0.08448	0.11072	0.08100
1.328	0.11563	0.08455	0.11072	0.08100
1.329	0.11556	0.08454	0.11059	0.08095
1.33	0.11555	0.08453	0.11049	0.08080
1.331	0.11551	0.08452	0.11035	0.08069
1.332	0.11548	0.08445	0.10999	0.08067
1.333	0.11546	0.08441	0.10984	0.08059
1.334	0.11544	0.08433	0.10985	0.08036
1.335	0.11540	0.08428	0.10976	0.08029
1.336	0.11536	0.08423	0.10974	0.08030
1.337	0.11529	0.08421	0.10968	0.08030
1.338	0.11521	0.08422	0.10956	0.08037
1.339	0.11514	0.08431	0.10943	0.08051
1.34	0.11501	0.08439	0.10939	0.08051
1.341	0.11490	0.08439	0.10930	0.08043
1.342	0.11483	0.08439	0.10924	0.08018
1.343	0.11476	0.08439	0.10919	0.07998
1.344	0.11462	0.08429	0.10911	0.07984
1.345	0.11449	0.08420	0.10902	0.07976
1.346	0.11438	0.08423	0.10884	0.07978
1.347	0.11424	0.08433	0.10876	0.07968
1.348	0.11417	0.08448	0.10867	0.07955
1.349	0.11410	0.08462	0.10852	0.07928
1.35	0.11394	0.08466	0.10851	0.07888
1.351	0.11374	0.08465	0.10836	0.07857
1.352	0.11351	0.08466	0.10807	0.07842
1.353	0.11328	0.08469	0.10799	0.07814
1.354	0.11302	0.08477	0.10777	0.07767
1.355	0.11273	0.08499	0.10737	0.07699
1.356	0.11244	0.08504	0.10717	0.07654
1.357	0.11213	0.08502	0.10716	0.07593
1.358	0.11185	0.08505	0.10696	0.07525
1.359	0.11159	0.08489	0.10677	0.07498
1.36	0.11134	0.08491	0.10658	0.07461
1.361	0.11120	0.08518	0.10613	0.07386
1.362	0.11092	0.08525	0.10595	0.07314
1.363	0.11052	0.08522	0.10627	0.07392
1.364	0.11028	0.08530	0.10631	0.07363
1.365	0.11010	0.08541	0.10640	0.07202
1.366	0.10994	0.08536	0.10643	0.07133
1.367	0.10984	0.08540	0.10580	0.07084
1.368	0.10999	0.08547	0.10558	0.07028
1.369	0.11002	0.08529	0.10565	0.07157
1.37	0.10976	0.08494	0.10517	0.07184
1.371	0.10956	0.08457	0.10523	0.07144
1.372	0.10940	0.08437	0.10515	0.07138
1.373	0.10923	0.08414	0.10426	0.07098
1.374	0.10914	0.08393	0.10366	0.07080
1.375	0.10923	0.08389	0.10347	0.07154
1.376	0.10925	0.08392	0.10301	0.07258
1.377	0.10910	0.08395	0.10289	0.07315
1.378	0.10889	0.08386	0.10291	0.07312
1.379	0.10838	0.08362	0.10228	0.07249
1.38	0.10795	0.08341	0.10188	0.07167
1.381	0.10759	0.08308	0.10151	0.07042
1.382	0.10702	0.08280	0.10081	0.06921
1.383	0.10657	0.08261	0.10006	0.06837
1.384	0.10600	0.08227	0.09902	0.06769
1.385	0.10539	0.08190	0.09809	0.06782
1.386	0.10475	0.08148	0.09711	0.06908
1.387	0.10417	0.08107	0.09614	0.06908
1.388	0.10359	0.08061	0.09529	0.06936
1.389	0.10303	0.08024	0.09448	0.06891
1.39	0.10253	0.07999	0.09361	0.06715
1.391	0.10193	0.07963	0.09287	0.06657
1.392	0.10131	0.07932	0.09225	0.06653
1.393	0.10068	0.07881	0.09155	0.06627
1.394	0.09997	0.07803	0.09084	0.06617
1.395	0.09922	0.07750	0.08998	0.06605
1.396	0.09841	0.07696	0.08900	0.06603
1.397	0.09760	0.07644	0.08817	0.06557
1.398	0.09664	0.07617	0.08709	0.06498
1.399	0.09583	0.07589	0.08620	0.06435
1.4	0.09513	0.07550	0.08537	0.06344
1.401	0.09419	0.07505	0.08424	0.06245
1.402	0.09339	0.07448	0.08296	0.06161
1.403	0.09252	0.07381	0.08187	0.06112
1.404	0.09155	0.07317	0.08084	0.06093
1.405	0.09090	0.07260	0.07989	0.06067
1.406	0.09021	0.07208	0.07931	0.06046
1.407	0.08953	0.07159	0.07863	0.06024
1.408	0.08897	0.07112	0.07774	0.05973
1.409	0.08830	0.07069	0.07702	0.05914
1.41	0.08773	0.07029	0.07641	0.05854
1.411	0.08717	0.06991	0.07569	0.05781
1.412	0.08658	0.06960	0.07515	0.05735
1.413	0.08611	0.06926	0.07476	0.05731
1.414	0.08563	0.06888	0.07432	0.05713
1.415	0.08513	0.06856	0.07400	0.05708
1.416	0.08463	0.06820	0.07369	0.05707
1.417	0.08415	0.06779	0.07317	0.05649
1.418	0.08369	0.06751	0.07262	0.05633
1.419	0.08329	0.06733	0.07206	0.05652
1.42	0.08297	0.06719	0.07160	0.05639
1.421	0.08274	0.06723	0.07119	0.05626
1.422	0.08243	0.06709	0.07088	0.05616
1.423	0.08215	0.06693	0.07070	0.05584
1.424	0.08187	0.06674	0.07041	0.05559
1.425	0.08153	0.06640	0.07012	0.05541
1.426	0.08128	0.06616	0.06983	0.05530
1.427	0.08109	0.06593	0.06944	0.05521
1.428	0.08081	0.06577	0.06917	0.05508
1.429	0.08052	0.06571	0.06900	0.05503
1.43	0.08017	0.06556	0.06874	0.05494
1.431	0.07967	0.06547	0.06849	0.05472
1.432	0.07928	0.06531	0.06820	0.05457
1.433	0.07889	0.06505	0.06779	0.05448
1.434	0.07853	0.06478	0.06752	0.05434
1.435	0.07826	0.06460	0.06725	0.05429
1.436	0.07797	0.06441	0.06693	0.05415
1.437	0.07762	0.06443	0.06673	0.05400
1.438	0.07730	0.06434	0.06652	0.05387
1.439	0.07692	0.06414	0.06629	0.05359
1.44	0.07656	0.06411	0.06614	0.05338
1.441	0.07625	0.06387	0.06590	0.05317
1.442	0.07590	0.06360	0.06568	0.05303
1.443	0.07569	0.06358	0.06548	0.05302
1.444	0.07554	0.06338	0.06528	0.05275
1.445	0.07538	0.06318	0.06521	0.05260
1.446	0.07523	0.06313	0.06503	0.05270
1.447	0.07496	0.06304	0.06482	0.05254
1.448	0.07472	0.06299	0.06475	0.05255
1.449	0.07452	0.06296	0.06458	0.05269
1.45	0.07431	0.06296	0.06446	0.05252
1.451	0.07422	0.06292	0.06443	0.05248
1.452	0.07410	0.06280	0.06435	0.05256
1.453	0.07396	0.06269	0.06426	0.05264
1.454	0.07386	0.06248	0.06424	0.05279
1.455	0.07372	0.06238	0.06418	0.05281
1.456	0.07365	0.06237	0.06410	0.05283
1.457	0.07368	0.06229	0.06413	0.05289
1.458	0.07359	0.06235	0.06412	0.05283
1.459	0.07345	0.06242	0.06404	0.05281
1.46	0.07335	0.06237	0.06398	0.05285
1.461	0.07321	0.06244	0.06392	0.05284
1.462	0.07319	0.06252	0.06390	0.05291
1.463	0.07321	0.06258	0.06394	0.05295
1.464	0.07340	0.06266	0.06409	0.05309
1.465	0.07343	0.06272	0.06420	0.05311
1.466	0.07342	0.06278	0.06434	0.05298
1.467	0.07346	0.06282	0.06444	0.05296
1.468	0.07347	0.06286	0.06449	0.05296
1.469	0.07348	0.06289	0.06458	0.05296
1.47	0.07348	0.06287	0.06467	0.05298
1.471	0.07357	0.06296	0.06474	0.05304
1.472	0.07367	0.06306	0.06484	0.05313
1.473	0.07380	0.06318	0.06494	0.05323
1.474	0.07403	0.06343	0.06494	0.05335
1.475	0.07419	0.06356	0.06508	0.05350
1.476	0.07428	0.06359	0.06528	0.05357
1.477	0.07447	0.06369	0.06553	0.05374
1.478	0.07474	0.06381	0.06587	0.05399
1.479	0.07496	0.06385	0.06619	0.05428
1.48	0.07511	0.06384	0.06647	0.05452
1.481	0.07527	0.06403	0.06670	0.05484
1.482	0.07538	0.06417	0.06689	0.05507
1.483	0.07547	0.06425	0.06712	0.05524
1.484	0.07575	0.06450	0.06738	0.05541
1.485	0.07604	0.06471	0.06767	0.05557
1.486	0.07632	0.06492	0.06791	0.05569
1.487	0.07664	0.06514	0.06816	0.05589
1.488	0.07682	0.06525	0.06839	0.05608
1.489	0.07705	0.06535	0.06855	0.05620
1.49	0.07737	0.06547	0.06884	0.05648
1.491	0.07762	0.06557	0.06911	0.05675
1.492	0.07792	0.06578	0.06938	0.05702
1.493	0.07827	0.06601	0.06977	0.05741
1.494	0.07849	0.06616	0.07011	0.05767
1.495	0.07876	0.06638	0.07038	0.05785
1.496	0.07906	0.06658	0.07065	0.05804
1.497	0.07928	0.06674	0.07089	0.05826
1.498	0.07951	0.06696	0.07114	0.05854
1.499	0.07978	0.06713	0.07143	0.05878
1.5	0.08008	0.06728	0.07173	0.05900
1.501	0.08035	0.06749	0.07205	0.05924
1.502	0.08064	0.06770	0.07242	0.05943
1.503	0.08097	0.06791	0.07278	0.05959
1.504	0.08121	0.06814	0.07313	0.05973
1.505	0.08148	0.06829	0.07344	0.05988
1.506	0.08179	0.06847	0.07370	0.06003
1.507	0.08207	0.06863	0.07395	0.06019
1.508	0.08238	0.06873	0.07424	0.06048
1.509	0.08263	0.06888	0.07458	0.06078
1.51	0.08284	0.06902	0.07495	0.06108
1.511	0.08303	0.06917	0.07528	0.06136
1.512	0.08322	0.06945	0.07556	0.06153
1.513	0.08354	0.06970	0.07581	0.06168
1.514	0.08393	0.06993	0.07599	0.06179
1.515	0.08424	0.07018	0.07619	0.06198
1.516	0.08460	0.07026	0.07648	0.06223
1.517	0.08490	0.07030	0.07685	0.06243
1.518	0.08510	0.07046	0.07726	0.06272
1.519	0.08534	0.07056	0.07770	0.06297
1.52	0.08551	0.07081	0.07808	0.06316
1.521	0.08567	0.07112	0.07838	0.06344
1.522	0.08593	0.07124	0.07865	0.06372
1.523	0.08622	0.07143	0.07890	0.06387
1.524	0.08650	0.07160	0.07918	0.06407
1.525	0.08684	0.07168	0.07952	0.06434
1.526	0.08709	0.07189	0.07983	0.06448
1.527	0.08730	0.07219	0.08015	0.06453
1.528	0.08756	0.07240	0.08047	0.06473
1.529	0.08784	0.07269	0.08079	0.06492
1.53	0.08810	0.07283	0.08106	0.06514
1.531	0.08835	0.07282	0.08128	0.06547
1.532	0.08858	0.07293	0.08156	0.06570
1.533	0.08875	0.07297	0.08183	0.06590
1.534	0.08898	0.07311	0.08214	0.06609
1.535	0.08924	0.07335	0.08254	0.06622
1.536	0.08952	0.07356	0.08283	0.06640
1.537	0.08984	0.07382	0.08304	0.06653
1.538	0.09011	0.07399	0.08329	0.06672
1.539	0.09039	0.07413	0.08349	0.06695
1.54	0.09061	0.07424	0.08373	0.06715
1.541	0.09073	0.07423	0.08403	0.06732
1.542	0.09094	0.07432	0.08432	0.06752
1.543	0.09120	0.07447	0.08467	0.06774
1.544	0.09143	0.07463	0.08495	0.06793
1.545	0.09172	0.07486	0.08524	0.06815
1.546	0.09191	0.07501	0.08549	0.06831
1.547	0.09195	0.07508	0.08566	0.06838
1.548	0.09215	0.07522	0.08589	0.06849
1.549	0.09240	0.07540	0.08616	0.06858
1.55	0.09263	0.07554	0.08642	0.06871
1.551	0.09295	0.07570	0.08672	0.06886
1.552	0.09322	0.07590	0.08691	0.06904
1.553	0.09338	0.07596	0.08717	0.06924
1.554	0.09360	0.07599	0.08740	0.06945
1.555	0.09379	0.07607	0.08759	0.06959
1.556	0.09395	0.07617	0.08790	0.06975
1.557	0.09417	0.07629	0.08817	0.06998
1.558	0.09435	0.07644	0.08842	0.07013
1.559	0.09450	0.07668	0.08873	0.07024
1.56	0.09473	0.07684	0.08898	0.07041
1.561	0.09491	0.07693	0.08919	0.07057
1.562	0.09514	0.07707	0.08948	0.07064
1.563	0.09542	0.07706	0.08982	0.07077
1.564	0.09560	0.07708	0.09007	0.07095
1.565	0.09576	0.07723	0.09030	0.07100
1.566	0.09595	0.07733	0.09047	0.07111
1.567	0.09611	0.07755	0.09056	0.07126
1.568	0.09632	0.07778	0.09065	0.07133
1.569	0.09653	0.07790	0.09077	0.07137
1.57	0.09665	0.07805	0.09103	0.07147
1.571	0.09681	0.07810	0.09131	0.07157
1.572	0.09697	0.07810	0.09154	0.07167
1.573	0.09713	0.07816	0.09180	0.07189
1.574	0.09736	0.07823	0.09200	0.07216
1.575	0.09752	0.07837	0.09217	0.07234
1.576	0.09776	0.07839	0.09243	0.07250
1.577	0.09800	0.07845	0.09266	0.07260
1.578	0.09814	0.07862	0.09272	0.07260
1.579	0.09835	0.07874	0.09275	0.07265
1.58	0.09850	0.07894	0.09287	0.07280
1.581	0.09857	0.07912	0.09306	0.07291
1.582	0.09872	0.07910	0.09333	0.07306
1.583	0.09886	0.07912	0.09362	0.07321
1.584	0.09897	0.07925	0.09382	0.07325
1.585	0.09915	0.07930	0.09396	0.07332
1.586	0.09934	0.07938	0.09410	0.07340
1.587	0.09949	0.07949	0.09424	0.07341
1.588	0.09966	0.07956	0.09441	0.07347
1.589	0.09978	0.07964	0.09459	0.07357
1.59	0.09986	0.07980	0.09480	0.07363
1.591	0.10003	0.07993	0.09498	0.07378
1.592	0.10013	0.08000	0.09511	0.07400
1.593	0.10029	0.08012	0.09523	0.07420
1.594	0.10050	0.08023	0.09531	0.07432
1.595	0.10059	0.08036	0.09550	0.07437
1.596	0.10068	0.08051	0.09567	0.07449
1.597	0.10077	0.08058	0.09582	0.07462
1.598	0.10080	0.08063	0.09606	0.07468
1.599	0.10088	0.08066	0.09628	0.07476
1.6	0.10098	0.08070	0.09646	0.07484
1.601	0.10111	0.08079	0.09656	0.07483
1.602	0.10129	0.08088	0.09667	0.07489
1.603	0.10143	0.08090	0.09665	0.07503
1.604	0.10156	0.08089	0.09665	0.07503
1.605	0.10163	0.08097	0.09684	0.07504
1.606	0.10171	0.08108	0.09698	0.07511
1.607	0.10188	0.08121	0.09726	0.07512
1.608	0.10202	0.08132	0.09751	0.07521
1.609	0.10217	0.08137	0.09759	0.07535
1.61	0.10228	0.08135	0.09768	0.07554
1.611	0.10222	0.08136	0.09768	0.07570
1.612	0.10226	0.08140	0.09769	0.07574
1.613	0.10239	0.08142	0.09775	0.07575
1.614	0.10248	0.08142	0.09788	0.07579
1.615	0.10262	0.08142	0.09801	0.07591
1.616	0.10275	0.08146	0.09812	0.07598
1.617	0.10279	0.08153	0.09823	0.07610
1.618	0.10284	0.08160	0.09829	0.07614
1.619	0.10291	0.08172	0.09838	0.07603
1.62	0.10296	0.08179	0.09852	0.07608
1.621	0.10308	0.08180	0.09870	0.07613
1.622	0.10316	0.08187	0.09891	0.07622
1.623	0.10327	0.08197	0.09910	0.07641
1.624	0.10345	0.08206	0.09922	0.07650
1.625	0.10356	0.08217	0.09920	0.07665
1.626	0.10367	0.08231	0.09919	0.07672
1.627	0.10374	0.08236	0.09918	0.07667
1.628	0.10376	0.08231	0.09913	0.07674
1.629	0.10375	0.08228	0.09921	0.07680
1.63	0.10379	0.08223	0.09929	0.07684
1.631	0.10394	0.08223	0.09938	0.07692
1.632	0.10404	0.08231	0.09959	0.07695
1.633	0.10413	0.08241	0.09967	0.07695
1.634	0.10423	0.08251	0.09972	0.07696
1.635	0.10429	0.08254	0.09982	0.07697
1.636	0.10433	0.08248	0.09979	0.07699
1.637	0.10441	0.08244	0.09978	0.07710
1.638	0.10449	0.08240	0.09988	0.07716
1.639	0.10455	0.08244	0.09992	0.07722
1.64	0.10463	0.08251	0.10004	0.07738
1.641	0.10462	0.08259	0.10033	0.07744
1.642	0.10466	0.08265	0.10047	0.07749
1.643	0.10472	0.08265	0.10053	0.07756
1.644	0.10475	0.08269	0.10063	0.07760
1.645	0.10479	0.08273	0.10070	0.07758
1.646	0.10485	0.08279	0.10075	0.07756
1.647	0.10488	0.08288	0.10078	0.07749
1.648	0.10496	0.08297	0.10088	0.07750
1.649	0.10518	0.08311	0.10096	0.07755
1.65	0.10529	0.08320	0.10102	0.07762
1.651	0.10528	0.08332	0.10121	0.07782
1.652	0.10534	0.08336	0.10128	0.07793
1.653	0.10540	0.08332	0.10123	0.07794
1.654	0.10545	0.08332	0.10126	0.07797
1.655	0.10562	0.08326	0.10123	0.07798
1.656	0.10569	0.08322	0.10129	0.07802
1.657	0.10561	0.08319	0.10144	0.07813
1.658	0.10565	0.08322	0.10153	0.07817
1.659	0.10571	0.08333	0.10164	0.07823
1.66	0.10579	0.08340	0.10177	0.07819
1.661	0.10603	0.08356	0.10189	0.07802
1.662	0.10615	0.08361	0.10202	0.07803
1.663	0.10617	0.08355	0.10228	0.07805
1.664	0.10622	0.08353	0.10233	0.07809
1.665	0.10620	0.08346	0.10224	0.07830
1.666	0.10621	0.08345	0.10217	0.07837
1.667	0.10626	0.08344	0.10194	0.07836
1.668	0.10628	0.08348	0.10186	0.07835
1.669	0.10625	0.08361	0.10189	0.07828
1.67	0.10631	0.08367	0.10193	0.07826
1.671	0.10641	0.08375	0.10204	0.07823
1.672	0.10645	0.08381	0.10211	0.07822
1.673	0.10649	0.08383	0.10223	0.07820
1.674	0.10656	0.08385	0.10224	0.07828
1.675	0.10658	0.08386	0.10216	0.07848
1.676	0.10665	0.08391	0.10219	0.07855
1.677	0.10685	0.08396	0.10221	0.07865
1.678	0.10690	0.08400	0.10228	0.07868
1.679	0.10688	0.08410	0.10251	0.07858
1.68	0.10686	0.08414	0.10257	0.07854
1.681	0.10671	0.08415	0.10258	0.07852
1.682	0.10673	0.08416	0.10254	0.07848
1.683	0.10684	0.08419	0.10237	0.07837
1.684	0.10689	0.08413	0.10232	0.07838
1.685	0.10702	0.08393	0.10230	0.07844
1.686	0.10705	0.08387	0.10228	0.07848
1.687	0.10692	0.08381	0.10233	0.07861
1.688	0.10697	0.08382	0.10239	0.07862
1.689	0.10709	0.08394	0.10243	0.07855
1.69	0.10720	0.08402	0.10248	0.07862
1.691	0.10741	0.08410	0.10258	0.07878
1.692	0.10751	0.08415	0.10261	0.07878
1.693	0.10755	0.08419	0.10262	0.07878
1.694	0.10759	0.08423	0.10260	0.07877
1.695	0.10761	0.08421	0.10253	0.07863
1.696	0.10759	0.08419	0.10253	0.07861
1.697	0.10750	0.08416	0.10253	0.07869
1.698	0.10742	0.08413	0.10248	0.07871
1.699	0.10739	0.08419	0.10248	0.07874
1.7	0.10743	0.08427	0.10255	0.07883
1.701	0.10742	0.08429	0.10256	0.07892
1.702	0.10745	0.08435	0.10264	0.07891
1.703	0.10748	0.08437	0.10279	0.07880
1.704	0.10750	0.08429	0.10275	0.07861
1.705	0.10760	0.08440	0.10267	0.07849
1.706	0.10767	0.08443	0.10258	0.07859
1.707	0.10774	0.08440	0.10252	0.07863
1.708	0.10762	0.08448	0.10253	0.07861
1.709	0.10754	0.08448	0.10257	0.07869
1.71	0.10759	0.08447	0.10263	0.07845
1.711	0.10759	0.08447	0.10261	0.07841
1.712	0.10767	0.08448	0.10244	0.07858
1.713	0.10773	0.08448	0.10237	0.07864
1.714	0.10771	0.08450	0.10232	0.07882
1.715	0.10771	0.08447	0.10231	0.07884
1.716	0.10772	0.08441	0.10242	0.07863
1.717	0.10774	0.08434	0.10244	0.07853
1.718	0.10773	0.08416	0.10242	0.07839
1.719	0.10772	0.08414	0.10241	0.07830
1.72	0.10769	0.08423	0.10236	0.07828
1.721	0.10773	0.08422	0.10231	0.07825
1.722	0.10788	0.08424	0.10225	0.07825
1.723	0.10788	0.08428	0.10221	0.07821
1.724	0.10787	0.08424	0.10217	0.07814
1.725	0.10783	0.08427	0.10210	0.07809
1.726	0.10757	0.08442	0.10205	0.07795
1.727	0.10749	0.08448	0.10197	0.07792
1.728	0.10757	0.08451	0.10178	0.07796
1.729	0.10754	0.08448	0.10173	0.07799
1.73	0.10751	0.08438	0.10182	0.07810
1.731	0.10750	0.08429	0.10175	0.07812
1.732	0.10747	0.08409	0.10171	0.07816
1.733	0.10742	0.08404	0.10162	0.07804
1.734	0.10741	0.08413	0.10137	0.07770
1.735	0.10739	0.08406	0.10122	0.07760
1.736	0.10730	0.08395	0.10112	0.07749
1.737	0.10727	0.08389	0.10101	0.07748
1.738	0.10733	0.08374	0.10088	0.07775
1.739	0.10724	0.08367	0.10077	0.07772
1.74	0.10704	0.08372	0.10070	0.07755
1.741	0.10694	0.08368	0.10057	0.07746
1.742	0.10678	0.08355	0.10038	0.07726
1.743	0.10671	0.08352	0.10029	0.07722
1.744	0.10674	0.08354	0.10024	0.07732
1.745	0.10672	0.08354	0.10017	0.07726
1.746	0.10668	0.08363	0.10017	0.07718
1.747	0.10664	0.08353	0.10007	0.07710
1.748	0.10660	0.08333	0.09986	0.07689
1.749	0.10650	0.08326	0.09981	0.07704
1.75	0.10643	0.08304	0.09981	0.07712
1.751	0.10639	0.08296	0.09980	0.07704
1.752	0.10637	0.08302	0.09976	0.07714
1.753	0.10624	0.08308	0.09946	0.07689
1.754	0.10613	0.08312	0.09925	0.07675
1.755	0.10596	0.08325	0.09899	0.07675
1.756	0.10584	0.08330	0.09883	0.07662
1.757	0.10584	0.08336	0.09887	0.07640
1.758	0.10576	0.08331	0.09878	0.07627
1.759	0.10563	0.08307	0.09869	0.07605
1.76	0.10554	0.08297	0.09859	0.07592
1.761	0.10546	0.08283	0.09841	0.07588
1.762	0.10535	0.08276	0.09825	0.07587
1.763	0.10522	0.08288	0.09812	0.07595
1.764	0.10515	0.08286	0.09798	0.07593
1.765	0.10505	0.08273	0.09780	0.07587
1.766	0.10500	0.08266	0.09762	0.07586
1.767	0.10503	0.08259	0.09741	0.07586
1.768	0.10506	0.08247	0.09729	0.07576
1.769	0.10518	0.08234	0.09726	0.07565
1.77	0.10513	0.08224	0.09718	0.07557
1.771	0.10499	0.08210	0.09724	0.07537
1.772	0.10491	0.08203	0.09708	0.07519
1.773	0.10466	0.08206	0.09667	0.07506
1.774	0.10463	0.08206	0.09653	0.07494
1.775	0.10485	0.08206	0.09642	0.07480
1.776	0.10477	0.08207	0.09635	0.07468
1.777	0.10455	0.08213	0.09646	0.07463
1.778	0.10449	0.08218	0.09651	0.07457
1.779	0.10436	0.08230	0.09653	0.07439
1.78	0.10454	0.08224	0.09650	0.07462
1.781	0.10459	0.08215	0.09664	0.07484
1.782	0.10453	0.08206	0.09661	0.07503
1.783	0.10444	0.08200	0.09647	0.07510
1.784	0.10431	0.08195	0.09648	0.07500
1.785	0.10426	0.08194	0.09651	0.07480
1.786	0.10436	0.08200	0.09644	0.07442
1.787	0.10446	0.08206	0.09641	0.07427
1.788	0.10448	0.08217	0.09643	0.07428
1.789	0.10453	0.08230	0.09624	0.07423
1.79	0.10452	0.08245	0.09616	0.07447
1.791	0.10443	0.08241	0.09613	0.07462
1.792	0.10453	0.08252	0.09609	0.07463
1.793	0.10451	0.08254	0.09602	0.07463
1.794	0.10441	0.08248	0.09589	0.07466
1.795	0.10433	0.08237	0.09584	0.07459
1.796	0.10414	0.08209	0.09582	0.07419
1.797	0.10414	0.08198	0.09574	0.07416
1.798	0.10425	0.08184	0.09566	0.07449
1.799	0.10432	0.08187	0.09564	0.07448
1.8	0.10450	0.08214	0.09545	0.07470
1.801	0.10456	0.08227	0.09553	0.07455
1.802	0.10455	0.08249	0.09601	0.07367
1.803	0.10460	0.08259	0.09621	0.07325
1.804	0.10462	0.08259	0.09641	0.07291
1.805	0.10453	0.08252	0.09673	0.07275
1.806	0.10462	0.08259	0.09665	0.07286
1.807	0.10468	0.08263	0.09660	0.07318
1.808	0.10463	0.08269	0.09663	0.07342
1.809	0.10454	0.08283	0.09638	0.07339
1.81	0.10441	0.08275	0.09634	0.07324
1.811	0.10427	0.08281	0.09669	0.07315
1.812	0.10414	0.08286	0.09684	0.07289
1.813	0.10410	0.08286	0.09700	0.07258
1.814	0.10391	0.08298	0.09745	0.07303
1.815	0.10356	0.08262	0.09770	0.07365
1.816	0.10333	0.08234	0.09765	0.07423
1.817	0.10312	0.08238	0.09752	0.07443
1.818	0.10311	0.08243	0.09730	0.07348
1.819	0.10329	0.08292	0.09684	0.07251
1.82	0.10331	0.08325	0.09660	0.07170
1.821	0.10333	0.08318	0.09636	0.07116
1.822	0.10324	0.08296	0.09565	0.07226
1.823	0.10328	0.08262	0.09504	0.07249
1.824	0.10333	0.08276	0.09491	0.07253
1.825	0.10353	0.08345	0.09522	0.07326
1.826	0.10354	0.08373	0.09553	0.07342
1.827	0.10335	0.08413	0.09660	0.07329
1.828	0.10316	0.08411	0.09678	0.07345
1.829	0.10286	0.08375	0.09711	0.07427
1.83	0.10283	0.08339	0.09686	0.07484
1.831	0.10401	0.08370	0.09556	0.07046
1.832	0.10390	0.08385	0.09485	0.07006
1.833	0.10415	0.08426	0.09419	0.07094
1.834	0.10383	0.08450	0.09421	0.07175
1.835	0.10311	0.08466	0.09487	0.07090
1.836	0.10275	0.08483	0.09546	0.07002
1.837	0.10205	0.08528	0.09767	0.07272
1.838	0.10169	0.08513	0.09826	0.07204
1.839	0.10198	0.08389	0.09735	0.06242
1.84	0.10186	0.08368	0.09745	0.05969
1.841	0.10139	0.08369	0.09779	0.06001
1.842	0.10128	0.08406	0.09668	0.06411
1.843	0.10140	0.08401	0.09648	0.06437
1.844	0.10182	0.08474	0.09746	0.06746
1.845	0.10201	0.08469	0.09734	0.06807
1.846	0.10280	0.08354	0.09646	0.06426
1.847	0.10246	0.08310	0.09590	0.06352
1.848	0.10079	0.08284	0.09508	0.06437
1.849	0.10026	0.08273	0.09461	0.06525
1.85	0.09910	0.08260	0.09398	0.06734
1.851	0.09950	0.08307	0.09413	0.06790
1.852	0.09970	0.08311	0.09384	0.06749
1.853	0.10103	0.08316	0.09364	0.06800
1.854	0.10078	0.08317	0.09297	0.06621
1.855	0.09987	0.08313	0.09207	0.05941
1.856	0.09932	0.08300	0.09147	0.05855
1.857	0.09815	0.08301	0.09085	0.06142
1.858	0.09764	0.08277	0.09017	0.06058
1.859	0.09793	0.08226	0.08936	0.05936
1.86	0.09765	0.08171	0.08873	0.05991
1.861	0.09754	0.08082	0.08736	0.05806
1.862	0.09655	0.08025	0.08770	0.05897
1.863	0.09600	0.07978	0.08761	0.06053
1.864	0.09507	0.07949	0.08795	0.06581
1.865	0.09483	0.07909	0.08778	0.06720
1.866	0.09554	0.07868	0.08763	0.06808
1.867	0.09528	0.07828	0.08709	0.06680
1.868	0.09467	0.07817	0.08635	0.06125
1.869	0.09391	0.07745	0.08545	0.05973
1.87	0.09238	0.07613	0.08442	0.05941
1.871	0.09088	0.07535	0.08241	0.05685
1.872	0.08947	0.07443	0.08063	0.05854
1.873	0.08833	0.07228	0.07676	0.05942
1.874	0.08642	0.07143	0.07399	0.05659
1.875	0.08397	0.07191	0.07176	0.04711
1.876	0.08178	0.07110	0.06942	0.04731
1.877	0.07952	0.07057	0.06773	0.05216
1.878	0.07821	0.06945	0.06612	0.05136
1.879	0.07786	0.06765	0.06463	0.05250
1.88	0.07685	0.06631	0.06369	0.05232
1.881	0.07623	0.06495	0.06334	0.05017
1.882	0.07524	0.06381	0.06303	0.04701
1.883	0.07360	0.06338	0.06242	0.04679
1.884	0.07214	0.06244	0.06097	0.04562
1.885	0.07079	0.06160	0.05943	0.04455
1.886	0.06917	0.06113	0.05673	0.04227
1.887	0.06794	0.06013	0.05568	0.04244
1.888	0.06700	0.05833	0.05543	0.04471
1.889	0.06586	0.05740	0.05423	0.04466
1.89	0.06498	0.05685	0.05291	0.04453
1.891	0.06359	0.05572	0.05204	0.04397
1.892	0.06165	0.05442	0.05104	0.04184
1.893	0.05947	0.05356	0.04922	0.03968
1.894	0.05770	0.05193	0.04800	0.03701
1.895	0.05591	0.05021	0.04710	0.03655
1.896	0.05463	0.04913	0.04600	0.03568
1.897	0.05430	0.04884	0.04393	0.03435
1.898	0.05326	0.04810	0.04313	0.03332
1.899	0.05217	0.04729	0.04348	0.03370
1.9	0.05090	0.04668	0.04293	0.03309
1.901	0.04882	0.04645	0.04291	0.03060
1.902	0.04758	0.04542	0.04216	0.03030
1.903	0.04678	0.04369	0.04035	0.03354
1.904	0.04615	0.04306	0.03926	0.03291
1.905	0.04593	0.04198	0.03847	0.02830
1.906	0.04555	0.04063	0.03666	0.02991
1.907	0.04470	0.04003	0.03559	0.02880
1.908	0.04335	0.04076	0.03540	0.02179
1.909	0.04217	0.04019	0.03456	0.02267
1.91	0.04062	0.03905	0.03335	0.03077
1.911	0.03994	0.03843	0.03265	0.03139
1.912	0.03988	0.03787	0.03199	0.03050
1.913	0.03919	0.03671	0.03189	0.03120
1.914	0.03861	0.03623	0.03098	0.02935
1.915	0.03837	0.03653	0.03066	0.02600
1.916	0.03800	0.03604	0.03182	0.02536
1.917	0.03744	0.03563	0.03230	0.02668
1.918	0.03742	0.03530	0.03153	0.02532
1.919	0.03761	0.03463	0.03044	0.02268
1.92	0.03727	0.03443	0.03025	0.02256
1.921	0.03634	0.03474	0.02947	0.02357
1.922	0.03597	0.03455	0.02914	0.02350
1.923	0.03556	0.03434	0.03037	0.02397
1.924	0.03527	0.03411	0.03058	0.02451
1.925	0.03506	0.03365	0.03055	0.02490
1.926	0.03531	0.03308	0.02895	0.02401
1.927	0.03533	0.03332	0.02811	0.02370
1.928	0.03509	0.03357	0.02797	0.02425
1.929	0.03496	0.03296	0.02720	0.02468
1.93	0.03476	0.03252	0.02679	0.02432
1.931	0.03467	0.03251	0.02697	0.02408
1.932	0.03472	0.03235	0.02771	0.02421
1.933	0.03462	0.03231	0.02798	0.02437
1.934	0.03432	0.03306	0.02898	0.02417
1.935	0.03439	0.03322	0.02905	0.02386
1.936	0.03461	0.03293	0.02834	0.02347
1.937	0.03492	0.03261	0.02765	0.02367
1.938	0.03495	0.03253	0.02766	0.02368
1.939	0.03467	0.03240	0.02753	0.02336
1.94	0.03443	0.03248	0.02767	0.02368
1.941	0.03419	0.03258	0.02803	0.02398
1.942	0.03404	0.03269	0.02799	0.02366
1.943	0.03453	0.03292	0.02764	0.02395
1.944	0.03465	0.03301	0.02762	0.02409
1.945	0.03430	0.03294	0.02799	0.02406
1.946	0.03432	0.03293	0.02811	0.02408
1.947	0.03461	0.03281	0.02814	0.02405
1.948	0.03485	0.03300	0.02809	0.02451
1.949	0.03462	0.03326	0.02841	0.02445
1.95	0.03498	0.03339	0.02857	0.02473
1.951	0.03509	0.03350	0.02842	0.02530
1.952	0.03464	0.03352	0.02865	0.02527
1.953	0.03483	0.03327	0.02883	0.02494
1.954	0.03526	0.03299	0.02864	0.02503
1.955	0.03538	0.03309	0.02869	0.02501
1.956	0.03538	0.03361	0.02904	0.02446
1.957	0.03552	0.03377	0.02913	0.02451
1.958	0.03546	0.03375	0.02898	0.02541
1.959	0.03565	0.03413	0.02913	0.02535
1.96	0.03599	0.03481	0.02928	0.02477
1.961	0.03646	0.03488	0.02963	0.02465
1.962	0.03685	0.03489	0.02987	0.02485
1.963	0.03686	0.03532	0.03005	0.02517
1.964	0.03694	0.03500	0.03032	0.02557
1.965	0.03710	0.03457	0.03026	0.02611
1.966	0.03713	0.03510	0.03043	0.02606
1.967	0.03749	0.03568	0.03083	0.02565
1.968	0.03779	0.03582	0.03101	0.02581
1.969	0.03806	0.03573	0.03100	0.02654
1.97	0.03833	0.03602	0.03113	0.02685
1.971	0.03873	0.03625	0.03130	0.02715
1.972	0.03900	0.03641	0.03149	0.02741
1.973	0.03924	0.03657	0.03164	0.02760
1.974	0.03946	0.03694	0.03169	0.02771
1.975	0.03956	0.03711	0.03191	0.02782
1.976	0.03992	0.03709	0.03200	0.02801
1.977	0.04027	0.03749	0.03213	0.02828
1.978	0.04052	0.03798	0.03274	0.02825
1.979	0.04076	0.03827	0.03313	0.02795
1.98	0.04084	0.03833	0.03299	0.02809
1.981	0.04099	0.03839	0.03309	0.02837
1.982	0.04101	0.03831	0.03311	0.02891
1.983	0.04119	0.03846	0.03328	0.02903
1.984	0.04142	0.03860	0.03346	0.02912
1.985	0.04183	0.03892	0.03408	0.02941
1.986	0.04222	0.03921	0.03439	0.02951
1.987	0.04228	0.03969	0.03438	0.02943
1.988	0.04250	0.04002	0.03451	0.02962
1.989	0.04265	0.04001	0.03470	0.02992
1.99	0.04268	0.04035	0.03505	0.03017
1.991	0.04320	0.04051	0.03535	0.03050
1.992	0.04375	0.04047	0.03546	0.03075
1.993	0.04387	0.04089	0.03545	0.03091
1.994	0.04404	0.04116	0.03556	0.03111
1.995	0.04404	0.04139	0.03571	0.03096
1.996	0.04426	0.04153	0.03582	0.03104
1.997	0.04448	0.04167	0.03592	0.03141
1.998	0.04482	0.04171	0.03626	0.03178
1.999	0.04515	0.04169	0.03650	0.03201
2	0.04538	0.04195	0.03676	0.03208
2.001	0.04562	0.04226	0.03694	0.03195
2.002	0.04590	0.04244	0.03700	0.03184
2.003	0.04636	0.04263	0.03758	0.03202
2.004	0.04667	0.04251	0.03796	0.03256
2.005	0.04659	0.04248	0.03791	0.03309
2.006	0.04689	0.04286	0.03816	0.03327
2.007	0.04770	0.04300	0.03840	0.03366
2.008	0.04813	0.04334	0.03870	0.03401
2.009	0.04838	0.04384	0.03889	0.03426
2.01	0.04846	0.04462	0.03962	0.03479
2.011	0.04856	0.04497	0.03979	0.03555
2.012	0.04845	0.04547	0.03971	0.03551
2.013	0.04872	0.04594	0.04025	0.03546
2.014	0.04938	0.04589	0.04077	0.03542
2.015	0.04969	0.04526	0.04124	0.03561
2.016	0.04985	0.04464	0.04152	0.03624
2.017	0.05021	0.04493	0.04099	0.03625
2.018	0.05051	0.04564	0.04064	0.03593
2.019	0.05054	0.04609	0.04130	0.03626
2.02	0.05067	0.04626	0.04196	0.03682
2.021	0.05119	0.04640	0.04247	0.03702
2.022	0.05158	0.04671	0.04295	0.03710
2.023	0.05198	0.04696	0.04344	0.03725
2.024	0.05226	0.04713	0.04365	0.03742
2.025	0.05256	0.04756	0.04362	0.03731
2.026	0.05277	0.04764	0.04395	0.03748
2.027	0.05280	0.04758	0.04427	0.03769
2.028	0.05310	0.04773	0.04466	0.03811
2.029	0.05357	0.04807	0.04481	0.03842
2.03	0.05377	0.04846	0.04490	0.03823
2.031	0.05404	0.04873	0.04514	0.03814
2.032	0.05441	0.04883	0.04534	0.03834
2.033	0.05474	0.04891	0.04568	0.03863
2.034	0.05513	0.04916	0.04588	0.03889
2.035	0.05531	0.04942	0.04581	0.03912
2.036	0.05565	0.04966	0.04598	0.03969
2.037	0.05603	0.04984	0.04618	0.03998
2.038	0.05650	0.05015	0.04663	0.03964
2.039	0.05676	0.05034	0.04682	0.03983
2.04	0.05704	0.05037	0.04693	0.04038
2.041	0.05721	0.05035	0.04697	0.04085
2.042	0.05727	0.05075	0.04714	0.04087
2.043	0.05755	0.05133	0.04752	0.04114
2.044	0.05807	0.05157	0.04799	0.04106
2.045	0.05859	0.05185	0.04824	0.04083
2.046	0.05896	0.05190	0.04842	0.04123
2.047	0.05907	0.05153	0.04884	0.04150
2.048	0.05907	0.05150	0.04920	0.04139
2.049	0.05939	0.05168	0.04944	0.04139
2.05	0.05966	0.05190	0.04970	0.04160
2.051	0.05964	0.05236	0.04989	0.04208
2.052	0.05986	0.05269	0.05021	0.04235
2.053	0.06015	0.05291	0.05086	0.04307
2.054	0.06046	0.05325	0.05111	0.04338
2.055	0.06081	0.05368	0.05122	0.04308
2.056	0.06146	0.05397	0.05124	0.04300
2.057	0.06211	0.05439	0.05129	0.04349
2.058	0.06215	0.05482	0.05146	0.04387
2.059	0.06213	0.05495	0.05169	0.04373
2.06	0.06241	0.05497	0.05198	0.04360
2.061	0.06276	0.05532	0.05248	0.04385
2.062	0.06296	0.05547	0.05283	0.04412
2.063	0.06304	0.05521	0.05302	0.04448
2.064	0.06337	0.05554	0.05338	0.04513
2.065	0.06366	0.05593	0.05343	0.04560
2.066	0.06385	0.05583	0.05333	0.04579
2.067	0.06415	0.05623	0.05386	0.04591
2.068	0.06445	0.05661	0.05454	0.04581
2.069	0.06488	0.05681	0.05494	0.04580
2.07	0.06534	0.05659	0.05519	0.04545
2.071	0.06585	0.05695	0.05539	0.04568
2.072	0.06634	0.05740	0.05569	0.04638
2.073	0.06671	0.05747	0.05609	0.04687
2.074	0.06678	0.05765	0.05627	0.04711
2.075	0.06686	0.05803	0.05663	0.04711
2.076	0.06711	0.05828	0.05704	0.04714
2.077	0.06727	0.05857	0.05700	0.04728
2.078	0.06727	0.05888	0.05746	0.04723
2.079	0.06739	0.05881	0.05812	0.04756
2.08	0.06761	0.05885	0.05812	0.04813
2.081	0.06785	0.05919	0.05802	0.04813
2.082	0.06816	0.05936	0.05805	0.04819
2.083	0.06845	0.05921	0.05805	0.04862
2.084	0.06900	0.05902	0.05826	0.04907
2.085	0.06950	0.05918	0.05874	0.04932
2.086	0.06974	0.05942	0.05909	0.04940
2.087	0.06984	0.05990	0.05941	0.04957
2.088	0.07016	0.06046	0.05950	0.04975
2.089	0.07057	0.06072	0.05955	0.04983
2.09	0.07084	0.06051	0.05995	0.05018
2.091	0.07133	0.06054	0.06045	0.05088
2.092	0.07175	0.06126	0.06060	0.05092
2.093	0.07174	0.06168	0.06093	0.05036
2.094	0.07172	0.06171	0.06121	0.05037
2.095	0.07220	0.06165	0.06118	0.05089
2.096	0.07264	0.06128	0.06152	0.05127
2.097	0.07283	0.06153	0.06215	0.05156
2.098	0.07317	0.06220	0.06223	0.05208
2.099	0.07324	0.06265	0.06201	0.05250
2.1	0.07334	0.06290	0.06217	0.05235
2.101	0.07381	0.06274	0.06242	0.05220
2.102	0.07420	0.06270	0.06278	0.05217
2.103	0.07446	0.06288	0.06313	0.05223
2.104	0.07473	0.06318	0.06380	0.05201
2.105	0.07497	0.06367	0.06408	0.05236
2.106	0.07512	0.06406	0.06423	0.05307
2.107	0.07520	0.06419	0.06442	0.05328
2.108	0.07543	0.06416	0.06449	0.05322
2.109	0.07582	0.06382	0.06477	0.05376
2.11	0.07591	0.06378	0.06521	0.05403
2.111	0.07581	0.06405	0.06560	0.05394
2.112	0.07603	0.06429	0.06574	0.05403
2.113	0.07627	0.06456	0.06589	0.05386
2.114	0.07657	0.06488	0.06641	0.05396
2.115	0.07741	0.06489	0.06650	0.05454
2.116	0.07775	0.06485	0.06659	0.05478
2.117	0.07752	0.06530	0.06707	0.05491
2.118	0.07774	0.06546	0.06690	0.05500
2.119	0.07780	0.06528	0.06662	0.05493
2.12	0.07769	0.06534	0.06691	0.05507
2.121	0.07781	0.06553	0.06725	0.05514
2.122	0.07825	0.06554	0.06767	0.05520
2.123	0.07850	0.06567	0.06803	0.05534
2.124	0.07871	0.06643	0.06867	0.05581
2.125	0.07928	0.06700	0.06920	0.05609
2.126	0.07988	0.06694	0.06937	0.05615
2.127	0.08014	0.06707	0.06973	0.05660
2.128	0.08026	0.06732	0.07004	0.05689
2.129	0.08060	0.06753	0.07018	0.05665
2.13	0.08102	0.06803	0.07052	0.05693
2.131	0.08107	0.06828	0.07069	0.05734
2.132	0.08102	0.06828	0.07073	0.05709
2.133	0.08124	0.06835	0.07100	0.05697
2.134	0.08134	0.06836	0.07093	0.05722
2.135	0.08161	0.06845	0.07084	0.05731
2.136	0.08220	0.06844	0.07118	0.05725
2.137	0.08246	0.06821	0.07132	0.05727
2.138	0.08244	0.06839	0.07147	0.05748
2.139	0.08247	0.06888	0.07203	0.05778
2.14	0.08258	0.06887	0.07256	0.05800
2.141	0.08264	0.06881	0.07265	0.05817
2.142	0.08259	0.06866	0.07244	0.05853
2.143	0.08265	0.06861	0.07232	0.05880
2.144	0.08300	0.06868	0.07255	0.05869
2.145	0.08323	0.06903	0.07276	0.05851
2.146	0.08316	0.06950	0.07316	0.05878
2.147	0.08354	0.06992	0.07357	0.05905
2.148	0.08411	0.06980	0.07360	0.05899
2.149	0.08427	0.06958	0.07357	0.05919
2.15	0.08481	0.06982	0.07365	0.05954
2.151	0.08518	0.06988	0.07415	0.05933
2.152	0.08486	0.06999	0.07474	0.05893
2.153	0.08494	0.07038	0.07453	0.05903
2.154	0.08530	0.07032	0.07423	0.05910
2.155	0.08533	0.07021	0.07458	0.05918
2.156	0.08539	0.07021	0.07483	0.05970
2.157	0.08574	0.07003	0.07470	0.05995
2.158	0.08608	0.07003	0.07472	0.05985
2.159	0.08618	0.07022	0.07481	0.06025
2.16	0.08637	0.07064	0.07506	0.06047
2.161	0.08635	0.07084	0.07543	0.06007
2.162	0.08632	0.07075	0.07540	0.06013
2.163	0.08600	0.07046	0.07528	0.06044
2.164	0.08620	0.07063	0.07517	0.06056
2.165	0.08635	0.07062	0.07527	0.06052
2.166	0.08644	0.07045	0.07539	0.06100
2.167	0.08685	0.07114	0.07592	0.06099
2.168	0.08686	0.07136	0.07618	0.06072
2.169	0.08685	0.07106	0.07573	0.06084
2.17	0.08721	0.07137	0.07555	0.06077
2.171	0.08723	0.07169	0.07575	0.06084
2.172	0.08723	0.07179	0.07598	0.06066
2.173	0.08750	0.07191	0.07614	0.06014
2.174	0.08736	0.07174	0.07600	0.06040
2.175	0.08715	0.07150	0.07600	0.06069
2.176	0.08758	0.07186	0.07639	0.06074
2.177	0.08810	0.07229	0.07674	0.06089
2.178	0.08803	0.07199	0.07644	0.06085
2.179	0.08783	0.07180	0.07610	0.06118
2.18	0.08796	0.07187	0.07631	0.06138
2.181	0.08810	0.07167	0.07642	0.06118
2.182	0.08813	0.07182	0.07688	0.06141
2.183	0.08831	0.07191	0.07746	0.06141
2.184	0.08820	0.07123	0.07712	0.06089
2.185	0.08772	0.07084	0.07673	0.06097
2.186	0.08758	0.07087	0.07667	0.06107
2.187	0.08775	0.07143	0.07674	0.06113
2.188	0.08813	0.07151	0.07693	0.06061
2.189	0.08822	0.07121	0.07719	0.06070
2.19	0.08824	0.07113	0.07705	0.06086
2.191	0.08816	0.07088	0.07688	0.06049
2.192	0.08804	0.07048	0.07703	0.06048
2.193	0.08800	0.07074	0.07702	0.06060
2.194	0.08812	0.07137	0.07688	0.06063
2.195	0.08814	0.07121	0.07703	0.06091
2.196	0.08788	0.07085	0.07712	0.06093
2.197	0.08793	0.07101	0.07707	0.06082
2.198	0.08799	0.07114	0.07706	0.06094
2.199	0.08787	0.07048	0.07705	0.06101
2.2	0.08791	0.07010	0.07734	0.06138
2.201	0.08789	0.07068	0.07731	0.06199
2.202	0.08792	0.07065	0.07666	0.06182
2.203	0.08785	0.07034	0.07652	0.06087
2.204	0.08774	0.07063	0.07657	0.06038
2.205	0.08755	0.07053	0.07617	0.06064
2.206	0.08737	0.07013	0.07623	0.06089
2.207	0.08751	0.07032	0.07669	0.06132
2.208	0.08759	0.07054	0.07666	0.06171
2.209	0.08767	0.07081	0.07653	0.06137
2.21	0.08771	0.07108	0.07678	0.06116
2.211	0.08778	0.07085	0.07712	0.06122
2.212	0.08778	0.07082	0.07721	0.06112
2.213	0.08789	0.07090	0.07674	0.06082
2.214	0.08808	0.07100	0.07660	0.06078
2.215	0.08807	0.07043	0.07721	0.06081
2.216	0.08748	0.06991	0.07750	0.06072
2.217	0.08741	0.07000	0.07749	0.06120
2.218	0.08777	0.06992	0.07754	0.06173
2.219	0.08768	0.06996	0.07754	0.06164
2.22	0.08791	0.07048	0.07730	0.06182
2.221	0.08837	0.07052	0.07730	0.06213
2.222	0.08834	0.07045	0.07754	0.06161
2.223	0.08822	0.07085	0.07744	0.06127
2.224	0.08826	0.07114	0.07731	0.06157
2.225	0.08841	0.07093	0.07725	0.06131
2.226	0.08828	0.07034	0.07743	0.06096
2.227	0.08824	0.07017	0.07753	0.06126
2.228	0.08854	0.07053	0.07756	0.06112
2.229	0.08822	0.07121	0.07800	0.06113
2.23	0.08804	0.07185	0.07797	0.06224
2.231	0.08843	0.07212	0.07734	0.06222
2.232	0.08855	0.07227	0.07717	0.06121
2.233	0.08862	0.07191	0.07695	0.06122
2.234	0.08863	0.07139	0.07663	0.06138
2.235	0.08871	0.07151	0.07704	0.06149
2.236	0.08884	0.07161	0.07741	0.06202
2.237	0.08893	0.07130	0.07703	0.06210
2.238	0.08915	0.07120	0.07677	0.06133
2.239	0.08915	0.07142	0.07712	0.06099
2.24	0.08895	0.07143	0.07710	0.06126
2.241	0.08852	0.07120	0.07722	0.06140
2.242	0.08805	0.07111	0.07798	0.06160
2.243	0.08807	0.07116	0.07813	0.06167
2.244	0.08829	0.07096	0.07777	0.06150
2.245	0.08873	0.07062	0.07733	0.06137
2.246	0.08905	0.07059	0.07742	0.06195
2.247	0.08902	0.07108	0.07722	0.06240
2.248	0.08874	0.07121	0.07718	0.06233
2.249	0.08825	0.07079	0.07754	0.06240
2.25	0.08809	0.07103	0.07764	0.06175
2.251	0.08874	0.07112	0.07738	0.06072
2.252	0.08908	0.07054	0.07727	0.06058
2.253	0.08848	0.07038	0.07735	0.06082
2.254	0.08776	0.07072	0.07707	0.06117
2.255	0.08733	0.07087	0.07695	0.06165
2.256	0.08682	0.07067	0.07709	0.06157
2.257	0.08696	0.07070	0.07676	0.06111
2.258	0.08769	0.07049	0.07688	0.06108
2.259	0.08794	0.07006	0.07727	0.06062
2.26	0.08772	0.07077	0.07692	0.06030
2.261	0.08760	0.07130	0.07671	0.06103
2.262	0.08764	0.07063	0.07659	0.06112
2.263	0.08698	0.07064	0.07665	0.06094
2.264	0.08691	0.07079	0.07728	0.06093
2.265	0.08791	0.07031	0.07720	0.06003
2.266	0.08785	0.07022	0.07687	0.05958
2.267	0.08751	0.07016	0.07673	0.06015
2.268	0.08793	0.07015	0.07604	0.06042
2.269	0.08778	0.07050	0.07591	0.05987
2.27	0.08722	0.07071	0.07659	0.05961
2.271	0.08763	0.07105	0.07675	0.05985
2.272	0.08796	0.07107	0.07610	0.05977
2.273	0.08712	0.07023	0.07509	0.06017
2.274	0.08676	0.06995	0.07481	0.06065
2.275	0.08703	0.07055	0.07505	0.06025
2.276	0.08674	0.07084	0.07539	0.05956
2.277	0.08667	0.07092	0.07580	0.05971
2.278	0.08670	0.07103	0.07558	0.06051
2.279	0.08634	0.07086	0.07521	0.06064
2.28	0.08637	0.07061	0.07498	0.06047
2.281	0.08698	0.06980	0.07502	0.06021
2.282	0.08670	0.06972	0.07512	0.06010
2.283	0.08590	0.07051	0.07507	0.05950
2.284	0.08576	0.07033	0.07465	0.05883
2.285	0.08543	0.06975	0.07407	0.05819
2.286	0.08501	0.06944	0.07398	0.05877
2.287	0.08548	0.06921	0.07346	0.05844
2.288	0.08602	0.06848	0.07384	0.05805
2.289	0.08533	0.06873	0.07432	0.05846
2.29	0.08450	0.06924	0.07420	0.05833
2.291	0.08470	0.06886	0.07411	0.05790
2.292	0.08465	0.06896	0.07378	0.05748
2.293	0.08408	0.06903	0.07387	0.05770
2.294	0.08431	0.06907	0.07392	0.05773
2.295	0.08408	0.06929	0.07340	0.05723
2.296	0.08318	0.06875	0.07304	0.05738
2.297	0.08318	0.06802	0.07228	0.05716
2.298	0.08347	0.06789	0.07218	0.05661
2.299	0.08318	0.06800	0.07322	0.05670
2.3	0.08294	0.06756	0.07407	0.05684
2.301	0.08349	0.06726	0.07443	0.05700
2.302	0.08368	0.06728	0.07374	0.05700
2.303	0.08282	0.06665	0.07270	0.05611
2.304	0.08256	0.06672	0.07208	0.05506
2.305	0.08270	0.06755	0.07197	0.05528
2.306	0.08212	0.06718	0.07210	0.05611
2.307	0.08195	0.06687	0.07151	0.05606
2.308	0.08230	0.06701	0.07111	0.05539
2.309	0.08180	0.06690	0.07118	0.05521
2.31	0.08102	0.06679	0.07099	0.05473
2.311	0.08097	0.06617	0.07055	0.05399
2.312	0.08071	0.06626	0.06999	0.05467
2.313	0.08009	0.06658	0.06972	0.05570
2.314	0.07995	0.06564	0.06977	0.05538
2.315	0.07985	0.06517	0.06956	0.05450
2.316	0.07947	0.06577	0.06930	0.05471
2.317	0.07935	0.06540	0.06959	0.05489
2.318	0.07924	0.06451	0.06924	0.05491
2.319	0.07842	0.06474	0.06832	0.05518
2.32	0.07804	0.06442	0.06860	0.05457
2.321	0.07850	0.06372	0.06915	0.05392
2.322	0.07868	0.06460	0.06901	0.05328
2.323	0.07889	0.06562	0.06917	0.05378
2.324	0.07873	0.06575	0.06873	0.05469
2.325	0.07799	0.06546	0.06721	0.05361
2.326	0.07757	0.06467	0.06671	0.05233
2.327	0.07709	0.06377	0.06673	0.05232
2.328	0.07726	0.06344	0.06697	0.05292
2.329	0.07789	0.06360	0.06731	0.05265
2.33	0.07770	0.06359	0.06668	0.05247
2.331	0.07794	0.06404	0.06663	0.05273
2.332	0.07821	0.06435	0.06671	0.05158
2.333	0.07731	0.06394	0.06571	0.05131
2.334	0.07611	0.06383	0.06517	0.05267
2.335	0.07550	0.06307	0.06552	0.05262
2.336	0.07552	0.06163	0.06533	0.05216
2.337	0.07532	0.06111	0.06510	0.05240
2.338	0.07526	0.06136	0.06518	0.05221
2.339	0.07520	0.06138	0.06411	0.05228
2.34	0.07424	0.06174	0.06274	0.05202
2.341	0.07366	0.06200	0.06234	0.05181
2.342	0.07305	0.06180	0.06325	0.05189
2.343	0.07327	0.06166	0.06326	0.05163
2.344	0.07442	0.06197	0.06300	0.05089
2.345	0.07463	0.06220	0.06337	0.05058
2.346	0.07473	0.06202	0.06343	0.05049
2.347	0.07500	0.06180	0.06339	0.04998
2.348	0.07492	0.06200	0.06484	0.04869
2.349	0.07396	0.06143	0.06460	0.04893
2.35	0.07317	0.06029	0.06233	0.05037
2.351	0.07241	0.06013	0.06206	0.05003
2.352	0.07006	0.05947	0.06210	0.05014
2.353	0.06961	0.05928	0.06192	0.05008
2.354	0.07081	0.06033	0.06334	0.04789
2.355	0.07089	0.06045	0.06347	0.04725
2.356	0.07088	0.06035	0.06206	0.04839
2.357	0.07087	0.06022	0.06153	0.04844
2.358	0.07067	0.05912	0.06084	0.04766
2.359	0.07072	0.05945	0.06057	0.04805
2.36	0.07109	0.06144	0.06115	0.04874
2.361	0.07138	0.06171	0.06125	0.04866
2.362	0.07151	0.06157	0.06161	0.04977
2.363	0.07136	0.06080	0.06153	0.04992
2.364	0.07144	0.05832	0.06065	0.04823
2.365	0.07101	0.05715	0.05975	0.04791
2.366	0.06946	0.05624	0.05833	0.04826
2.367	0.06924	0.05659	0.05783	0.04772
2.368	0.06973	0.05839	0.05804	0.04705
2.369	0.07010	0.05871	0.05807	0.04743
2.37	0.07133	0.05980	0.05843	0.04801
2.371	0.07176	0.06033	0.05874	0.04763
2.372	0.07175	0.05862	0.05909	0.04755
2.373	0.07138	0.05795	0.05882	0.04722
2.374	0.07054	0.05854	0.05826	0.04574
2.375	0.07032	0.05819	0.05827	0.04578
2.376	0.06972	0.05740	0.05773	0.04709
2.377	0.06896	0.05783	0.05700	0.04712
2.378	0.06865	0.05799	0.05677	0.04664
2.379	0.06861	0.05753	0.05722	0.04691
2.38	0.06859	0.05812	0.05848	0.04777
2.381	0.06838	0.05796	0.05806	0.04736
2.382	0.06830	0.05653	0.05620	0.04652
2.383	0.06793	0.05697	0.05594	0.04619
2.384	0.06735	0.05824	0.05544	0.04465
2.385	0.06695	0.05842	0.05539	0.04413
2.386	0.06613	0.05979	0.05808	0.04520
2.387	0.06594	0.05960	0.05824	0.04526
2.388	0.06621	0.05705	0.05537	0.04456
2.389	0.06598	0.05617	0.05437	0.04451
2.39	0.06660	0.05528	0.05467	0.04499
2.391	0.06682	0.05419	0.05464	0.04531
2.392	0.06556	0.05455	0.05378	0.04605
2.393	0.06537	0.05452	0.05389	0.04503
2.394	0.06626	0.05335	0.05520	0.04250
2.395	0.06604	0.05309	0.05472	0.04236
2.396	0.06534	0.05311	0.05426	0.04235
2.397	0.06538	0.05316	0.05448	0.04225
2.398	0.06529	0.05412	0.05248	0.04430
2.399	0.06505	0.05497	0.05232	0.04462
2.4	0.06624	0.05618	0.05583	0.04280
2.401	0.06617	0.05611	0.05592	0.04250
2.402	0.06392	0.05502	0.05365	0.04345
2.403	0.06346	0.05447	0.05335	0.04329
2.404	0.06358	0.05390	0.05191	0.04244
2.405	0.06289	0.05341	0.05145	0.04221
2.406	0.06339	0.05272	0.05425	0.04163
2.407	0.06334	0.05232	0.05429	0.04068
2.408	0.06140	0.05130	0.05134	0.04044
2.409	0.06125	0.05139	0.05130	0.04048
2.41	0.06257	0.05361	0.05264	0.03965
2.411	0.06227	0.05446	0.05228	0.03961
2.412	0.06197	0.05493	0.05314	0.04028
2.413	0.06209	0.05514	0.05276	0.04099
2.414	0.06091	0.05437	0.04850	0.04231
2.415	0.06106	0.05341	0.04837	0.04292
2.416	0.06282	0.05252	0.05161	0.04457
2.417	0.06325	0.05194	0.05189	0.04409
2.418	0.06462	0.05027	0.05199	0.04045
2.419	0.06402	0.05041	0.05293	0.03965
2.42	0.06043	0.05290	0.05317	0.03932
2.421	0.05960	0.05280	0.05222	0.03894
2.422	0.05833	0.05085	0.05225	0.03980
2.423	0.05822	0.05131	0.05199	0.04102
2.424	0.06144	0.05285	0.04860	0.04351
2.425	0.06240	0.05257	0.04809	0.04268
2.426	0.06309	0.05369	0.05102	0.03990
2.427	0.06265	0.05364	0.05066	0.03997
2.428	0.05971	0.04907	0.04825	0.03857
2.429	0.05933	0.04879	0.04830	0.03845
2.43	0.05976	0.05252	0.04895	0.04269
2.431	0.05935	0.05226	0.04884	0.04214
2.432	0.06053	0.05154	0.04986	0.03722
2.433	0.06070	0.05116	0.05039	0.03805
2.434	0.05888	0.04777	0.04994	0.04101
2.435	0.05772	0.04758	0.04907	0.04088
2.436	0.05700	0.05097	0.04742	0.04357
2.437	0.05695	0.05156	0.04719	0.04151
2.438	0.05747	0.05154	0.04772	0.03239
2.439	0.05731	0.04888	0.04530	0.03197
2.44	0.05594	0.04540	0.04622	0.03090
2.441	0.05534	0.04654	0.04647	0.03113
2.442	0.05456	0.05034	0.04291	0.03474
2.443	0.05429	0.04893	0.04461	0.03635
2.444	0.05679	0.04772	0.04532	0.03736
2.445	0.05704	0.04653	0.04280	0.03997
2.446	0.05514	0.04314	0.04383	0.03915
2.447	0.05297	0.04647	0.04298	0.03522
2.448	0.05147	0.05213	0.04176	0.03417
2.449	0.05385	0.05149	0.04250	0.03451
2.45	0.05474	0.04991	0.04204	0.03398
2.451	0.05341	0.04752	0.04229	0.03746
2.452	0.05245	0.04456	0.04347	0.04043
2.453	0.05025	0.04621	0.04297	0.03801
2.454	0.04892	0.04725	0.04085	0.03693
2.455	0.05203	0.04786	0.04077	0.03698
2.456	0.05472	0.04823	0.04016	0.03514
2.457	0.05381	0.04351	0.03964	0.03599
2.458	0.05319	0.04139	0.04235	0.03953
2.459	0.05124	0.04223	0.04155	0.03874
2.46	0.04910	0.04250	0.03900	0.03501
2.461	0.04841	0.04708	0.04139	0.03299
2.462	0.04838	0.04972	0.04183	0.03005
2.463	0.04962	0.04839	0.04040	0.02976
2.464	0.04909	0.04776	0.04182	0.03658
2.465	0.04766	0.04448	0.03979	0.04065
2.466	0.04937	0.04324	0.03914	0.03849
2.467	0.05157	0.04539	0.04357	0.03957
2.468	0.05191	0.04590	0.04564	0.03676
2.469	0.05445	0.04637	0.04742	0.03261
2.47	0.05288	0.04386	0.04978	0.03802
2.471	0.04518	0.04556	0.04917	0.03960
2.472	0.04371	0.04555	0.04799	0.03842
2.473	0.04378	0.04689	0.04522	0.03475
2.474	0.04276	0.04798	0.04163	0.03179
2.475	0.04676	0.04301	0.03487	0.02315
2.476	0.04685	0.04149	0.03246	0.02268
2.477	0.04118	0.04645	0.03130	0.03320
2.478	0.04126	0.04720	0.03356	0.03454
2.479	0.04469	0.04873	0.04434	0.03496
2.48	0.04456	0.04669	0.04607	0.03663
2.481	0.04530	0.03450	0.04606	0.03421
2.482	0.04614	0.03150	0.04344	0.02748
2.483	0.04404	0.03311	0.02706	0.01600
2.484	0.04423	0.03211	0.02473	0.01190
2.485	0.04908	0.03923	0.03351	0.00456
2.486	0.04821	0.03967	0.03471	0.00429
2.487	0.04261	0.02719	0.03995	0.02417
2.488	0.04028	0.02546	0.04287	0.02802
2.489	0.03412	0.02881	0.03697	0.01646
2.49	0.03495	0.03129	0.03713	0.02063
2.491	0.04414	0.04340	0.04800	0.03091
2.492	0.04580	0.04775	0.04686	0.03589
2.493	0.04535	0.04850	0.03361	0.05304
2.494	0.04922	0.04580	0.02816	0.05497
2.495	0.05117	0.03365	0.01791	0.03252
2.496	0.05666	0.02823	0.02162	0.04051
2.497	0.07445	0.02200	0.04202	0.06879
2.498	0.07509	0.02403	0.04703	0.06302
2.499	0.06720	0.03606	0.05266	0.06022
2.5	0.05740	0.05764	0.04973	0.03652
