0.115100	18.857090
0.115200	13.830426
0.115400	10.422518
0.115600	15.733174
0.115700	11.132499
0.115900	9.570541
0.116100	9.201351
0.116200	11.672084
0.116400	5.026664
0.116600	5.111862
0.116700	7.525796
0.116900	6.673820
0.117100	7.639393
0.117200	5.963839
0.117400	6.446626
0.117600	6.361428
0.117700	5.395854
0.117900	4.231486
0.118100	4.458679
0.118200	3.862296
0.118400	4.629075
0.118600	4.373482
0.118700	5.083463
0.118900	3.890695
0.119100	3.720299
0.119200	3.436307
0.119400	2.081664
0.119600	1.982266
0.119800	3.464706
0.119900	2.803004
0.120100	3.209113
0.120300	4.032691
0.120400	4.487079
0.120600	4.629075
0.120800	4.572276
0.120900	8.690165
0.121100	15.079992
0.121300	23.315769
0.121400	27.689251
0.121600	28.342433
0.121800	23.031777
0.121900	14.739201
0.122100	10.110127
0.122300	6.077436
0.122400	3.464706
0.122600	2.436654
0.122800	2.217980
0.122900	2.635449
0.123100	2.331577
0.123300	1.848790
0.123400	2.536051
0.123600	1.649995
0.123800	1.843110
0.123900	2.158342
0.124100	1.996466
0.124300	1.882869
0.124400	2.047585
0.124600	2.337257
0.124800	2.649648
0.124900	2.379856
0.125100	1.740873
0.125300	2.243539
0.125500	1.204127
0.125600	1.840270
0.125800	2.300338
0.126000	1.712474
0.126100	2.257739
0.126300	1.743713
0.126500	1.769272
0.126600	1.854470
0.126800	2.146982
0.127000	1.658515
0.127100	2.090183
0.127300	2.004986
0.127500	1.953867
0.127600	2.430974
0.127800	2.317377
0.128000	2.044745
0.128100	2.209460
0.128300	1.891389
0.128500	2.257739
0.128600	2.280458
0.128800	1.854470
0.129000	2.172541
0.129100	2.675208
0.129300	2.479253
0.129500	2.533211
0.129600	2.371336
0.129800	3.067117
0.130000	1.928308
0.130100	2.575810
0.130300	2.436654
0.130500	2.061784
0.130600	2.303178
0.130800	1.899909
0.131000	2.144142
0.131200	1.840270
0.131300	1.806191
0.131500	1.911268
0.131700	2.598530
0.131800	2.061784
0.132000	2.095863
0.132200	1.820391
0.132300	2.010666
0.132500	2.357136
0.132700	2.081664
0.132800	2.578650
0.133000	1.814711
0.133200	3.464706
0.133300	3.521505
0.133500	4.288284
0.133700	3.180714
0.133800	2.746206
0.134000	1.897069
0.134200	2.805844
0.134300	2.331577
0.134500	2.661008
0.134700	2.286138
0.134800	1.644316
0.135000	2.200940
0.135200	1.973747
0.135300	2.555931
0.135500	2.896722
0.135700	2.649648
0.135800	2.271939
0.136000	2.777445
0.136200	2.663848
0.136300	3.833896
0.136500	3.095516
0.136700	2.592850
0.136900	2.981919
0.137000	2.839923
0.137200	2.820044
0.137400	2.473573
0.137500	3.038718
0.137700	2.365656
0.137900	3.095516
0.138000	2.868322
0.138200	3.464706
0.138400	2.981919
0.138500	2.777445
0.138700	4.032691
0.138900	3.464706
0.139000	3.294311
0.139200	3.095516
0.139400	3.947493
0.139500	4.259885
0.139700	4.799470
0.139900	2.632609
0.140000	3.322710
0.140200	3.265912
0.140400	3.038718
0.140500	3.748699
0.140700	3.265912
0.140900	4.600676
0.141000	4.430280
0.141200	3.549904
0.141400	3.152315
0.141500	2.925121
0.141700	3.379509
0.141900	3.833896
0.142000	3.919094
0.142200	4.657474
0.142400	3.777098
0.142600	3.521505
0.142700	4.117889
0.142900	3.833896
0.143100	4.259885
0.143200	3.890695
0.143400	3.975892
0.143600	4.487079
0.143700	4.032691
0.143900	3.919094
0.144100	4.827869
0.144200	4.316683
0.144400	4.032691
0.144600	3.862296
0.144700	5.111862
0.144900	4.458679
0.145100	4.657474
0.145200	4.941466
0.145400	4.941466
0.145600	4.941466
0.145700	4.543877
0.145900	5.367455
0.146100	5.878641
0.146200	5.537850
0.146400	5.225459
0.146600	5.594649
0.146700	6.503424
0.146900	6.361428
0.147100	5.679846
0.147200	5.594649
0.147400	5.026664
0.147600	5.310656
0.147700	5.367455
0.147900	6.645420
0.148100	6.503424
0.148300	5.537850
0.148400	5.225459
0.148600	5.651447
0.148800	5.935439
0.148900	6.105835
0.149100	5.935439
0.149300	7.156606
0.149400	7.014610
0.149600	6.730618
0.149800	6.389827
0.149900	5.821843
0.150100	5.594649
0.150300	5.736645
0.150400	6.020637
0.150600	5.452653
0.150800	6.162633
0.150900	6.588622
0.151100	5.963839
0.151300	6.020637
0.151400	5.878641
0.151600	6.247831
0.151800	7.383800
0.151900	7.071409
0.152100	6.361428
0.152300	6.503424
0.152400	7.014610
0.152600	6.815816
0.152800	6.247831
0.152900	6.872614
0.153100	7.014610
0.153300	6.872614
0.153400	7.667793
0.153600	7.440599
0.153800	7.156606
0.154000	7.497397
0.154100	7.440599
0.154300	7.724591
0.154500	8.093781
0.154600	9.570541
0.154800	9.996530
0.155000	10.564514
0.155100	8.690165
0.155300	8.406173
0.155500	8.434572
0.155600	7.951785
0.155800	8.576568
0.156000	9.059355
0.156100	8.406173
0.156300	8.832161
0.156500	10.195324
0.156600	9.258150
0.156800	9.343347
0.157000	8.633367
0.157100	9.400146
0.157300	9.002557
0.157500	9.627340
0.157600	8.974157
0.157800	9.627340
0.158000	10.422518
0.158100	10.479317
0.158300	10.706510
0.158500	10.564514
0.158600	9.911332
0.158800	8.974157
0.159000	10.422518
0.159100	8.974157
0.159300	9.684138
0.159500	9.968130
0.159600	10.706510
0.159800	10.905305
0.160000	10.422518
0.160200	10.280522
0.160300	11.246096
0.160500	10.053328
0.160700	10.621313
0.160800	11.473290
0.161000	11.672084
0.161200	10.848507
0.161300	11.814080
0.161500	10.394119
0.161700	11.047301
0.161800	12.240069
0.162000	11.899278
0.162200	11.558487
0.162300	11.956077
0.162500	13.092046
0.162700	12.808054
0.162800	13.035247
0.163000	12.524061
0.163200	12.410464
0.163300	12.410464
0.163500	13.319240
0.163700	13.461236
0.163800	14.370011
0.164000	13.830426
0.164200	15.307186
0.164300	14.597205
0.164500	14.710802
0.164700	14.228015
0.164800	13.546434
0.165000	13.660031
0.165200	14.171217
0.165300	14.142817
0.165500	14.000821
0.165700	14.881198
0.165900	14.654004
0.166000	15.420783
0.166200	16.414756
0.166400	17.067938
0.166500	17.635923
0.166700	16.499954
0.166900	17.153136
0.167000	16.073965
0.167200	16.982741
0.167400	17.550725
0.167500	19.055885
0.167700	20.191854
0.167900	20.390649
0.168000	20.163455
0.168200	20.731439
0.168400	21.668614
0.168500	22.037804
0.168700	23.457766
0.168900	23.287370
0.169000	23.656560
0.169200	26.184092
0.169400	28.683224
0.169500	31.523147
0.169700	36.067025
0.169900	39.190940
0.170000	43.450825
0.170200	46.006756
0.170400	47.994702
0.170500	52.254587
0.170700	60.206372
0.170900	70.146103
0.171000	70.146103
0.171200	68.158157
0.171400	75.257965
0.171600	85.481688
0.171700	92.865488
0.171900	86.333665
0.172100	66.738195
0.172200	69.294126
0.172400	68.726141
0.172600	79.517849
0.172700	95.705412
0.172900	101.385258
0.173100	99.113319
0.173200	94.853435
0.173400	92.581496
0.173600	86.901650
0.173700	83.493742
0.173900	90.593550
0.174100	94.285450
0.174200	95.421419
0.174400	100.533281
0.174600	101.385258
0.174700	109.905028
0.174900	116.152859
0.175100	119.560766
0.175200	125.240613
0.175400	131.772436
0.175600	126.092590
0.175700	131.772436
0.175900	118.140805
0.176100	112.744951
0.176200	116.720843
0.176400	102.521227
0.176600	112.460958
0.176700	124.672628
0.176900	130.920459
0.177100	138.872244
0.177300	145.688060
0.177400	144.268098
0.177600	160.739653
0.177800	159.319691
0.177900	170.111399
0.178100	161.591630
0.178300	151.367906
0.178400	141.712167
0.178600	151.651898
0.178800	157.047753
0.178900	162.159614
0.179100	182.039077
0.179300	151.367906
0.179400	163.579576
0.179600	159.887676
0.179800	152.219883
0.179900	160.171668
0.180100	165.851514
0.180300	152.787868
0.180400	146.540037
0.180600	138.304259
0.180800	125.524605
0.180900	135.180344
0.181100	159.887676
0.181300	156.479768
0.181400	157.331745
0.181600	174.371284
0.181800	176.927215
0.181900	175.791246
0.182100	202.486524
0.182300	190.558846
0.182400	165.567522
0.182600	161.591630
0.182800	172.099345
0.183000	184.311015
0.183100	180.619115
0.183300	186.298961
0.183500	180.051130
0.183600	157.331745
0.183800	158.467714
0.184000	164.147560
0.184100	150.231937
0.184300	147.959998
0.184500	138.304259
0.184600	126.092590
0.184800	118.424797
0.185000	124.104643
0.185100	131.204451
0.185300	147.959998
0.185500	149.379960
0.185600	168.691438
0.185800	182.607061
0.186000	168.691438
0.186100	195.386716
0.186300	185.730977
0.186500	205.326447
0.186600	226.625871
0.186800	235.145640
0.187000	228.045832
0.187100	209.586332
0.187300	203.906485
0.187500	201.066562
0.187600	208.734355
0.187800	231.453740
0.188000	232.305717
0.188100	244.233394
0.188300	253.321149
0.188500	240.257502
0.188700	237.985563
0.188800	226.057886
0.189000	239.973510
0.189200	241.393471
0.189300	239.973510
0.189500	241.677464
0.189700	236.565602
0.189800	218.106101
0.190000	208.166370
0.190200	213.846216
0.190300	233.725679
0.190500	230.033779
0.190700	223.217963
0.190800	231.737732
0.191000	240.825487
0.191200	237.985563
0.191300	231.453740
0.191500	251.333202
0.191700	266.952780
0.191800	253.321149
0.192000	260.704949
0.192200	267.520765
0.192300	227.477848
0.192500	217.254124
0.192700	203.338501
0.192800	170.679384
0.193000	149.947945
0.193200	136.600306
0.193300	150.231937
0.193500	165.567522
0.193700	190.558846
0.193800	213.278232
0.194000	247.925295
0.194200	244.233394
0.194400	257.581033
0.194500	266.384795
0.194700	253.321149
0.194900	267.804757
0.195000	270.360688
0.195200	260.420957
0.195400	277.460496
0.195500	273.200611
0.195700	260.704949
0.195900	247.073318
0.196000	245.937348
0.196200	256.161072
0.196400	248.493279
0.196500	247.925295
0.196700	260.420957
0.196900	259.000995
0.197000	259.284987
0.197200	241.393471
0.197400	228.897809
0.197500	255.025103
0.197700	265.532818
0.197900	264.964834
0.198000	263.828865
0.198200	352.150476
0.198500	289.672166
0.198800	292.512089
0.199000	282.572358
0.199300	283.424335
0.199600	295.352012
0.199800	286.832242
0.200100	303.871782
0.200400	283.992319
0.200600	337.950860
0.200900	301.031858
0.201200	289.672166
0.201400	380.549708
0.201700	320.911321
0.202000	343.630706
0.202200	340.790783
0.202500	332.271013
0.202800	326.591167
0.203000	366.350092
0.203300	343.630706
0.203600	372.029938
0.203800	372.029938
0.204100	372.029938
0.204400	434.508248
0.204600	471.427250
0.204900	434.508248
0.205200	443.028018
0.205400	440.188095
0.205700	406.109016
0.206000	434.508248
0.206200	363.510169
0.206500	443.028018
0.206800	425.988479
0.207000	474.267173
0.207300	488.466789
0.207600	565.144715
0.207800	582.184254
0.208100	585.024177
0.208400	508.346251
0.208600	514.026098
0.208900	533.905560
0.209200	477.107096
0.209400	511.186175
0.209700	516.866021
0.210000	485.626866
0.210200	522.545867
0.210500	482.786943
0.210800	494.146635
0.211000	332.271013
0.211300	460.067557
0.211600	516.866021
0.211800	613.423409
0.212100	607.743563
0.212400	406.109016
0.212600	451.547787
0.212900	451.547787
0.213200	360.670245
0.213400	337.950860
0.213700	457.227634
0.214000	374.869861
0.214200	565.144715
0.214500	539.585406
0.214800	425.988479
0.215000	428.828402
0.215300	539.585406
0.215600	548.105176
0.215800	460.067557
0.216100	494.146635
0.216400	491.306712
0.216600	315.231474
0.216900	406.109016
0.217200	494.146635
0.217400	437.348172
0.217700	391.909400
0.218000	519.705944
0.218200	621.943179
0.218500	502.666405
0.218800	408.948940
0.219000	482.786943
0.219300	482.786943
0.219600	636.142795
0.219800	641.822641
0.220100	514.026098
0.220400	692.941259
0.220600	488.466789
0.220900	491.306712
0.221200	243.097425
0.221400	462.907480
0.221700	494.146635
0.222000	545.265253
0.222200	565.144715
0.222500	567.984638
0.222800	443.028018
0.223000	494.146635
0.223300	553.785022
0.223600	590.704024
0.223800	644.662565
0.224100	658.862180
0.224400	542.425330
0.224600	516.866021
0.224900	437.348172
0.225200	428.828402
0.225400	332.271013
0.225700	417.468709
0.226000	505.506328
0.226300	567.984638
0.226500	479.947019
0.226800	383.389631
0.227100	386.229554
0.227300	454.387711
0.227600	326.591167
0.227900	360.670245
0.228100	585.024177
0.228400	553.785022
0.228700	604.903640
0.228900	499.826482
0.229200	479.947019
0.229500	496.986559
0.229700	406.109016
0.230000	312.391551
0.230300	454.387711
0.230500	528.225714
0.230800	596.383870
0.231100	545.265253
0.231300	389.069477
0.231600	562.304792
0.231900	542.425330
0.232100	403.269093
0.232400	548.105176
0.232700	417.468709
0.232900	431.668325
0.233200	383.389631
0.233500	269.224719
0.233700	391.909400
0.234000	230.317771
0.234300	289.672166
0.234500	27.604053
0.234800	89.457581
0.235100	326.591167
0.235300	428.828402
0.235600	406.109016
0.235900	423.148556
0.236100	208.450362
0.236400	372.029938
0.236700	235.145640
0.236900	337.950860
0.237200	428.828402
0.237500	335.110937
0.237700	408.948940
0.238000	306.711705
0.238300	90.025565
0.238500	269.224719
0.238800	309.551628
0.239100	318.071397
0.239300	428.828402
0.239600	90.025565
0.239900	264.964834
0.240100	301.031858
0.240400	306.711705
0.240700	131.204451
0.240900	309.551628
0.241200	176.927215
0.241500	280.868404
0.241700	386.229554
0.242000	479.947019
0.242300	585.024177
0.242500	485.626866
0.242800	556.624946
0.243100	508.346251
0.243300	502.666405
0.243600	437.348172
0.243900	491.306712
0.244100	471.427250
0.244400	553.785022
0.244700	431.668325
0.244900	448.707864
0.245200	414.628786
0.245500	414.628786
0.245700	471.427250
0.246000	468.587327
0.246300	372.029938
0.246500	380.549708
0.246800	369.190015
0.247100	394.749324
0.247300	448.707864
0.247600	496.986559
0.247900	431.668325
0.248100	460.067557
0.248400	315.231474
0.248700	479.947019
0.248900	340.790783
0.249200	306.711705
0.249500	462.907480
0.249700	536.745483
0.250000	573.664485
0.250300	522.545867
0.250500	553.785022
0.250800	440.188095
0.251100	533.905560
0.251300	411.788863
0.251600	295.352012
0.251900	312.391551
0.252100	357.830322
0.252400	254.741110
0.252700	292.512089
0.252900	260.420957
0.253200	380.549708
0.253500	363.510169
0.253700	332.271013
0.254000	343.630706
0.254300	315.231474
0.254500	363.510169
0.254800	326.591167
0.255100	303.871782
0.255300	502.666405
0.255600	531.065637
0.255900	519.705944
0.256100	536.745483
0.256400	411.788863
0.256700	542.425330
0.256900	644.662565
0.257200	673.061796
0.257500	624.783102
0.257700	482.786943
0.258000	650.342411
0.258300	590.704024
0.258500	548.105176
0.258800	576.504408
0.259100	732.700183
0.259400	553.785022
0.259600	613.423409
0.259900	346.470629
0.260200	440.188095
0.260400	607.743563
0.260700	298.191935
0.261000	445.867941
0.261200	312.391551
0.261500	428.828402
0.261800	533.905560
0.262000	579.344331
0.262300	613.423409
0.262600	553.785022
0.262800	471.427250
0.263100	397.589247
0.263400	494.146635
0.263600	832.097495
0.263900	877.536266
0.264200	925.814960
0.264400	1076.330890
0.264700	971.253732
0.265000	951.374269
0.265200	957.054116
0.265500	1002.492887
0.265800	1011.012656
0.266000	911.615345
0.266300	854.816881
0.266600	806.538186
0.266800	766.779262
0.267100	798.018417
0.267400	772.459108
0.267600	925.814960
0.267900	792.338570
0.268200	854.816881
0.268400	880.376189
0.268700	851.976958
0.269000	800.858340
0.269200	854.816881
0.269500	851.976958
0.269800	832.097495
0.270000	840.617265
0.270300	851.976958
0.270600	905.935498
0.270800	843.457188
0.271100	820.737802
0.271400	829.257572
0.271600	792.338570
0.271900	806.538186
0.272200	851.976958
0.272400	798.018417
0.272700	746.899799
0.273000	817.897879
0.273200	857.656804
0.273500	783.818801
0.273800	704.300952
0.274000	607.743563
0.274300	570.824562
0.274600	587.864101
0.274800	496.986559
0.275100	496.986559
0.275400	698.621105
0.275600	536.745483
0.275900	780.978878
0.276200	772.459108
0.276400	769.619185
0.276700	820.737802
0.277000	755.419569
0.277200	866.176573
0.277500	874.696343
0.277800	775.299031
0.278000	667.381950
0.278300	692.941259
0.278600	687.261412
0.278800	664.542027
0.279100	411.788863
0.279400	236.281610
0.279600	146.824029
0.279900	182.891054
0.280200	211.858270
0.280400	226.625871
0.280700	423.148556
0.281000	630.462949
0.281200	698.621105
0.281500	829.257572
0.281800	874.696343
0.282000	959.894039
0.282300	974.093655
0.282600	1019.532426
0.282800	1025.212272
0.283100	1013.852579
0.283400	982.613424
0.283600	871.856420
0.283900	951.374269
0.284200	849.137034
0.284400	869.016497
0.284700	854.816881
0.285000	758.259492
0.285200	536.745483
0.285500	744.059876
0.285800	829.257572
0.286000	988.293271
0.286300	974.093655
0.286600	965.573885
0.286800	877.536266
0.287100	894.575805
0.287400	985.453348
0.287600	971.253732
0.287900	914.455268
0.288200	803.698263
0.288400	942.854500
0.288700	996.813040
0.289000	900.255652
0.289200	908.775421
0.289500	931.494807
0.289800	1070.651043
0.290000	1155.848739
0.290300	1181.408048
0.291000	1238.206512
0.293000	1138.809200
0.295000	1124.609584
0.297000	1209.807280
0.299000	1235.366588
0.301000	1300.684822
0.303000	1277.965436
0.305000	1317.724361
0.307000	1331.923977
0.309000	1357.483286
0.311000	1348.963516
0.313000	1337.603823
0.315000	1329.084054
0.317000	1380.202671
0.319000	1243.886358
0.321000	1348.963516
0.323000	1195.607664
0.325000	1371.682902
0.327000	1485.279829
0.329000	1456.880597
0.331000	1499.479445
0.333000	1485.279829
0.335000	1485.279829
0.337000	1366.003055
0.339000	1434.161212
0.341000	1425.641442
0.343000	1431.321289
0.345000	1471.080213
0.347000	1471.080213
0.349000	1513.679061
0.351000	1544.918216
0.353000	1485.279829
0.355000	1630.115912
0.357000	1456.880597
0.359000	1428.481365
0.361000	1471.080213
0.363000	1471.080213
0.364000	1499.479445
0.365000	1630.115912
0.367000	1573.317448
0.369000	1471.080213
0.371000	1587.517064
0.373000	1499.479445
0.375000	1661.355067
0.377000	1791.991534
0.379000	1951.027233
0.381000	2112.902855
0.383000	1644.315528
0.385000	2169.701318
0.387000	2257.738937
0.389000	1862.989614
0.391000	2212.300166
0.393000	1306.364668
0.395000	1951.027233
0.397000	1357.483286
0.399000	2331.576940
0.401000	2462.213407
0.403000	2490.612639
0.405000	2448.013791
0.407000	2402.575020
0.409000	2374.175788
0.411000	2112.902855
0.413000	2476.413023
0.415000	2547.411103
0.417000	2533.211487
0.419000	2504.812255
0.421000	2490.612639
0.423000	2416.774636
0.425000	2462.213407
0.427000	2388.375404
0.429000	2331.576940
0.431000	2127.102471
0.433000	2243.539321
0.435000	2053.264468
0.437000	2490.612639
0.439000	2402.575020
0.441000	2430.974252
0.443000	2416.774636
0.445000	2416.774636
0.447000	2462.213407
0.449000	2430.974252
0.451000	2578.650258
0.453000	2416.774636
0.455000	2430.974252
0.457000	2533.211487
0.459000	2416.774636
0.461000	2462.213407
0.463000	2416.774636
0.465000	2430.974252
0.467000	2462.213407
0.469000	2416.774636
0.471000	2314.537401
0.473000	2416.774636
0.475000	2430.974252
0.477000	2402.575020
0.479000	2388.375404
0.481000	2359.976172
0.483000	2359.976172
0.485000	2127.102471
0.487000	1820.390766
0.489000	2243.539321
0.491000	2257.738937
0.493000	2229.339705
0.495000	2271.938553
0.497000	2300.337785
0.499000	2169.701318
0.501000	2112.902855
0.503000	2198.100550
0.505000	2183.900934
0.507000	2229.339705
0.509000	2183.900934
0.511000	2198.100550
0.513000	2141.302087
0.515000	2095.863315
0.517000	2024.865236
0.519000	2010.665620
0.521000	2067.464084
0.523000	2081.663700
0.525000	2112.902855
0.527000	1951.027233
0.529000	2067.464084
0.531000	2081.663700
0.533000	1979.426465
0.535000	2053.264468
0.537000	2039.064852
0.539000	2024.865236
0.541000	1965.226849
0.543000	1996.466004
0.545000	2010.665620
0.547000	1979.426465
0.549000	1996.466004
0.551000	1979.426465
0.553000	1965.226849
0.555000	1965.226849
0.557000	1922.628001
0.559000	1908.428385
0.561000	1922.628001
0.563000	1922.628001
0.565000	1922.628001
0.567000	1880.029153
0.569000	1894.228769
0.571000	1862.989614
0.573000	1922.628001
0.575000	1880.029153
0.577000	1880.029153
0.579000	1848.789998
0.581000	1862.989614
0.583000	1862.989614
0.585000	1834.590382
0.587000	1820.390766
0.589000	1777.791918
0.591000	1806.191150
0.593000	1791.991534
0.595000	1791.991534
0.597000	1777.791918
0.599000	1763.592302
0.601000	1732.353147
0.603000	1732.353147
0.605000	1746.552763
0.607000	1732.353147
0.609000	1703.953915
0.611000	1689.754299
0.613000	1644.315528
0.615000	1644.315528
0.617000	1630.115912
0.619000	1661.355067
0.621000	1661.355067
0.623000	1630.115912
0.625000	1587.517064
0.627000	1630.115912
0.629000	1615.916296
0.631000	1587.517064
0.633000	1587.517064
0.635000	1573.317448
0.637000	1573.317448
0.639000	1573.317448
0.641000	1527.878677
0.643000	1527.878677
0.645000	1513.679061
0.647000	1513.679061
0.649000	1485.279829
0.651000	1499.479445
0.653000	1471.080213
0.655000	1360.323209
0.657000	1127.449507
0.659000	1419.961596
0.661000	1456.880597
0.663000	1456.880597
0.665000	1451.200751
0.667000	1437.001135
0.669000	1442.680981
0.671000	1425.641442
0.673000	1425.641442
0.675000	1408.601903
0.677000	1405.761980
0.679000	1397.242210
0.681000	1385.882518
0.683000	1380.202671
0.685000	1360.323209
0.687000	1366.003055
0.689000	1357.483286
0.691000	1348.963516
0.693000	1340.443746
0.695000	1334.763900
0.697000	1326.244131
0.699000	1320.564284
0.701000	1292.165052
0.703000	1297.844899
0.705000	1295.004975
0.707000	1286.485206
0.709000	1277.965436
0.711000	1260.925897
0.713000	1255.246051
0.715000	1246.726281
0.717000	1238.206512
0.719000	1221.166972
0.721000	1226.846819
0.723000	1218.327049
0.725000	1215.487126
0.727000	1212.647203
0.729000	1187.087894
0.731000	1189.927817
0.733000	1184.247971
0.735000	1184.247971
0.737000	1178.568125
0.739000	1158.688662
0.741000	1135.969277
0.743000	1144.489046
0.745000	1144.489046
0.747000	1138.809200
0.749000	1130.289430
0.751000	1124.609584
0.753000	1121.769661
0.755000	1121.769661
0.757000	1110.409968
0.759000	1104.730122
0.761000	1096.210352
0.763000	1093.370429
0.765000	1084.850659
0.767000	1064.971197
0.769000	1070.651043
0.771000	1059.291350
0.773000	1059.291350
0.775000	1047.931658
0.777000	1036.571965
0.779000	1047.931658
0.781000	1039.411888
0.783000	1028.052195
0.785000	1016.692503
0.787000	1019.532426
0.789000	1013.852579
0.791000	1005.332810
0.793000	991.133194
0.795000	988.293271
0.797000	993.973117
0.799000	988.293271
0.801000	976.933578
0.803000	974.093655
0.805000	965.573885
0.807000	965.573885
0.809000	954.214192
0.811000	954.214192
0.813000	951.374269
0.815000	945.694423
0.817000	940.014576
0.819000	917.295191
0.821000	917.295191
0.823000	911.615345
0.825000	911.615345
0.827000	914.455268
0.829000	908.775421
0.831000	897.415729
0.833000	883.216113
0.835000	888.895959
0.837000	886.056036
0.839000	871.856420
0.841000	874.696343
0.843000	863.336650
0.845000	854.816881
0.847000	846.297111
0.849000	849.137034
0.851000	812.218033
0.853000	846.297111
0.855000	780.978878
0.857000	846.297111
0.859000	817.897879
0.861000	809.378110
0.863000	832.097495
0.865000	820.737802
0.867000	738.380030
0.869000	803.698263
0.871000	815.057956
0.873000	803.698263
0.875000	746.899799
0.877000	792.338570
0.879000	800.858340
0.881000	789.498647
0.883000	783.818801
0.885000	763.939339
0.887000	712.820721
0.889000	775.299031
0.891000	775.299031
0.893000	766.779262
0.895000	769.619185
0.897000	763.939339
0.899000	755.419569
0.901000	684.421489
0.903000	721.340491
0.905000	749.739723
0.907000	732.700183
0.909000	718.500567
0.911000	729.860260
0.913000	735.540107
0.915000	732.700183
0.917000	727.020337
0.919000	724.180414
0.921000	701.461028
0.923000	630.462949
0.925000	687.261412
0.927000	698.621105
0.929000	707.140875
0.931000	704.300952
0.933000	698.621105
0.935000	695.781182
0.937000	692.941259
0.939000	690.101336
0.941000	661.702104
0.943000	678.741643
0.945000	673.061796
0.947000	673.061796
0.949000	670.221873
0.951000	664.542027
0.953000	647.502488
0.955000	579.344331
0.957000	641.822641
0.959000	650.342411
0.961000	644.662565
0.963000	638.982718
0.965000	638.982718
0.967000	633.302872
0.969000	633.302872
0.971000	636.142795
0.973000	633.302872
0.975000	621.943179
0.977000	621.943179
0.979000	619.103256
0.981000	616.263333
0.983000	613.423409
0.985000	610.583486
0.987000	604.903640
0.989000	602.063717
0.991000	599.223793
0.993000	599.223793
0.995000	596.383870
0.997000	593.543947
0.999000	590.704024
1.002500	570.824562
1.007500	548.105176
1.012500	567.984638
1.017500	559.464869
1.022500	556.624946
1.027500	550.945099
1.032500	542.425330
1.037500	536.745483
1.042500	531.065637
1.047500	519.705944
1.052500	516.866021
1.057500	508.346251
1.062500	502.666405
1.067500	488.466789
1.072500	488.466789
1.077500	482.786943
1.082500	474.267173
1.087500	468.587327
1.092500	434.508248
1.097500	448.707864
1.102500	457.227634
1.107500	451.547787
1.112500	445.867941
1.117500	440.188095
1.122500	437.348172
1.127500	425.988479
1.132500	423.148556
1.137500	420.308632
1.142500	411.788863
1.147500	411.788863
1.152500	408.948940
1.157500	403.269093
1.162500	391.909400
1.167500	386.229554
1.172500	389.069477
1.177500	377.709784
1.182500	374.869861
1.187500	369.190015
1.192500	372.029938
1.197500	363.510169
1.202500	363.510169
1.207500	357.830322
1.212500	354.990399
1.217500	352.150476
1.222500	349.310553
1.227500	343.630706
1.232500	340.790783
1.237500	335.110937
1.242500	332.271013
1.247500	329.431090
1.252500	323.751244
1.257500	320.911321
1.262500	318.071397
1.267500	315.231474
1.272500	312.391551
1.277500	303.871782
1.282500	273.768596
1.287500	298.191935
1.292500	298.191935
1.297500	295.352012
1.302500	292.512089
1.307500	289.672166
1.312500	286.832242
1.317500	282.572358
1.322500	281.152396
1.327500	276.608519
1.332500	275.188557
1.337500	272.348634
1.342500	269.508711
1.347500	266.384795
1.352500	263.544872
1.357500	259.284987
1.362500	257.865026
1.367500	254.741110
1.372500	250.481226
1.377500	249.061264
1.382500	247.641302
1.387500	246.221341
1.392500	243.097425
1.397500	240.257502
1.402500	237.417579
1.407500	235.997617
1.412500	231.453740
1.417500	231.453740
1.422500	227.193855
1.427500	224.353932
1.432500	224.353932
1.437500	222.933971
1.442500	214.130209
1.447500	216.970132
1.452500	212.710247
1.457000	212.710247
1.462000	211.290285
1.467500	211.290285
1.472500	208.166370
1.477500	205.326447
1.482500	203.906485
1.487500	199.646600
1.492500	199.646600
1.497500	196.522685
1.502500	192.262800
1.507500	190.842838
1.512500	190.842838
1.517500	189.422877
1.522500	184.879000
1.527500	184.879000
1.532500	182.039077
1.537500	180.619115
1.542500	177.779192
1.547500	177.779192
1.552500	174.655276
1.557500	171.815353
1.562500	173.235315
1.567500	168.975430
1.572500	166.135507
1.577500	166.135507
1.582500	164.431553
1.587500	157.331745
1.592500	161.591630
1.597500	161.591630
1.605000	158.751706
1.615000	152.787868
1.625000	154.491822
1.635000	148.527983
1.645000	142.280152
1.655000	145.404067
1.665000	142.564144
1.675000	136.316313
1.685000	129.784490
1.695000	134.044375
1.705000	130.920459
1.715000	128.648521
1.725000	124.388636
1.735000	114.732897
1.745000	118.708789
1.755000	117.856812
1.765000	115.584874
1.775000	113.596928
1.785000	111.324989
1.795000	109.621035
1.805000	106.497120
1.815000	98.261342
1.825000	100.817273
1.835000	100.817273
1.845000	98.545335
1.855000	96.841381
1.865000	94.285450
1.875000	85.765680
1.885000	90.593550
1.895000	88.605604
1.905000	88.605604
1.915000	86.617657
1.925000	84.913703
1.935000	82.641765
1.945000	75.825949
1.955000	80.085834
1.965000	78.949865
1.975000	77.245911
1.985000	76.393934
1.995000	74.973972
2.005000	73.554011
2.015000	72.418041
2.025000	70.998080
2.035000	69.578118
2.045000	68.726141
2.055000	67.590172
2.065000	65.886218
2.075000	65.034241
2.085000	63.898272
2.095000	62.762303
2.105000	61.626333
2.115000	60.490364
2.125000	59.638387
2.135000	58.786410
2.145000	57.650441
2.155000	56.514472
2.165000	51.686602
2.175000	54.242533
2.185000	53.674548
2.195000	53.106564
2.205000	51.970594
2.215000	51.402610
2.225000	50.550633
2.235000	49.698656
2.245000	48.846679
2.255000	47.994702
2.265000	47.142725
2.275000	46.574740
2.285000	45.722763
2.295000	45.154779
2.305000	44.586794
2.315000	43.734817
2.325000	43.166833
2.335000	42.314856
2.345000	41.746871
2.355000	41.178886
2.365000	40.610902
2.375000	39.758925
2.385000	38.906948
2.395000	38.338963
2.405000	37.770978
2.415000	37.202994
2.425000	36.635009
2.435000	36.067025
2.445000	35.499040
2.455000	34.931055
2.465000	34.647063
2.475000	33.795086
2.485000	33.227101
2.495000	32.659117
2.505000	32.659117
2.515000	32.091132
2.525000	31.523147
2.535000	30.955163
2.545000	30.671170
2.555000	30.103186
2.565000	29.535201
2.575000	29.251209
2.585000	28.967217
2.595000	28.683224
2.605000	27.973243
2.615000	27.234863
2.625000	25.332115
2.635000	26.638480
2.645000	26.496483
2.655000	26.212491
2.665000	25.644506
2.675000	24.906126
2.685000	25.048123
2.695000	24.906126
2.705000	24.480138
2.715000	24.167746
2.725000	23.883754
2.735000	23.457766
2.745000	23.145374
2.755000	22.293397
2.765000	22.293397
2.775000	22.293397
2.785000	21.981006
2.795000	21.697013
2.805000	21.413021
2.815000	21.129029
2.825000	20.816637
2.835000	20.532645
2.845000	20.248652
2.855000	19.964660
2.865000	19.510272
2.875000	18.800292
2.885000	19.084284
2.895000	18.942288
2.905000	18.800292
2.915000	18.487900
2.925000	18.203908
2.935000	18.061911
2.945000	17.777919
2.955000	17.635923
2.965000	17.323531
2.975000	17.181535
2.985000	16.897543
2.995000	16.613551
3.005000	16.443155
3.015000	16.301159
3.025000	16.017167
3.035000	15.278787
3.045000	15.278787
3.055000	15.449182
3.065000	15.278787
3.075000	15.136791
3.085000	14.852798
3.095000	14.710802
3.105000	14.540407
3.115000	14.284814
3.125000	14.171217
3.135000	14.029221
3.145000	13.858825
3.155000	13.660031
3.165000	13.518034
3.175000	13.347639
3.185000	13.205643
3.195000	13.063647
3.210000	12.808054
3.230000	12.524061
3.250000	12.240069
3.270000	11.927677
3.290000	11.274495
3.310000	11.331294
3.330000	11.132499
3.350000	10.905305
3.370000	10.621313
3.390000	10.394119
3.410000	10.138526
3.430000	9.939731
3.450000	9.740937
3.470000	9.513743
3.490000	9.314948
3.510000	9.116153
3.530000	8.917359
3.550000	8.718564
3.570000	8.519770
3.590000	8.349374
3.610000	8.178979
3.630000	8.008583
3.650000	7.809789
3.670000	7.667793
3.690000	7.468998
3.710000	7.327002
3.730000	7.099808
3.750000	6.872614
3.770000	6.901013
3.790000	6.759017
3.810000	6.617021
3.830000	6.503424
3.850000	6.389827
3.870000	6.247831
3.890000	6.134234
3.910000	5.992238
3.930000	5.907040
3.950000	5.793443
3.970000	5.679846
3.990000	5.537850
4.010000	5.424253
4.030000	5.310656
4.050000	5.083463
4.070000	5.140261
4.090000	5.055063
4.110000	4.969866
4.130000	4.884668
4.150000	4.771071
4.170000	4.657474
4.190000	4.600676
4.210000	4.515478
4.230000	4.430280
4.250000	4.345082
4.270000	4.288284
4.290000	4.203086
4.310000	4.146288
4.330000	4.061090
4.350000	3.975892
4.370000	3.862296
4.390000	3.833896
4.410000	3.748699
4.430000	3.691900
4.450000	3.635102
4.470000	3.578303
4.490000	3.521505
4.510000	3.464706
4.530000	3.379509
4.550000	3.322710
4.570000	3.265912
4.590000	3.209113
4.610000	3.180714
4.630000	3.123916
4.650000	2.981919
4.670000	2.953520
4.690000	2.981919
4.710000	2.925121
4.730000	2.896722
4.750000	2.825724
4.770000	2.780285
4.790000	2.737686
4.810000	2.695087
4.830000	2.649648
4.850000	2.607049
4.870000	2.564451
4.890000	2.533211
4.910000	2.490613
4.930000	2.448014
4.950000	2.402575
4.970000	2.374176
4.990000	2.331577
5.010000	2.300338
5.030000	2.257739
5.050000	2.229340
5.070000	2.198101
5.090000	2.155502
5.110000	2.127102
5.130000	2.053264
5.150000	2.067464
5.170000	2.039065
5.190000	2.010666
5.210000	1.965227
5.230000	1.936828
5.250000	1.922628
5.270000	1.894229
5.290000	1.862990
5.310000	1.834590
5.330000	1.806191
5.350000	1.777792
5.370000	1.746553
5.390000	1.732353
5.410000	1.703954
5.430000	1.675555
5.450000	1.661355
5.470000	1.630116
5.490000	1.601717
5.510000	1.587517
5.530000	1.559118
5.550000	1.544918
5.570000	1.513679
5.590000	1.499479
5.610000	1.485280
5.630000	1.456881
5.650000	1.439841
5.670000	1.419962
5.690000	1.400082
5.710000	1.380203
5.730000	1.363163
5.750000	1.343284
5.770000	1.326244
5.790000	1.309205
5.810000	1.289325
5.830000	1.272286
5.850000	1.258086
5.870000	1.238207
5.890000	1.218327
5.910000	1.178568
5.930000	1.189928
5.950000	1.172888
5.970000	1.161529
5.990000	1.144489
6.010000	1.130289
6.030000	1.116090
6.050000	1.101890
6.070000	1.087691
6.090000	1.073491
6.110000	1.056451
6.130000	1.045092
6.150000	1.033732
6.170000	1.019532
6.190000	1.008173
6.210000	0.993973
6.230000	0.979774
6.250000	0.971254
6.270000	0.957054
6.290000	0.945694
6.310000	0.934335
6.330000	0.922975
6.350000	0.911615
6.370000	0.900256
6.390000	0.888896
6.420000	0.871856
6.460000	0.851977
6.500000	0.832097
6.540000	0.812218
6.580000	0.792339
6.620000	0.772459
6.660000	0.755420
6.700000	0.738380
6.740000	0.721340
6.780000	0.704301
6.820000	0.690101
6.860000	0.673062
6.900000	0.656022
6.940000	0.641823
6.980000	0.630463
7.020000	0.613423
7.060000	0.602064
7.100000	0.587864
7.140000	0.576504
7.180000	0.562305
7.220000	0.550945
7.260000	0.539585
7.300000	0.528226
7.340000	0.516866
7.380000	0.505506
7.420000	0.494147
7.460000	0.477107
7.500000	0.468587
7.540000	0.462907
7.580000	0.454388
7.620000	0.445868
7.660000	0.434508
7.700000	0.425988
7.740000	0.417469
7.780000	0.411789
7.820000	0.403269
7.860000	0.394749
7.900000	0.386230
7.940000	0.377710
7.980000	0.372030
8.020000	0.363510
8.060000	0.357830
8.100000	0.349311
8.140000	0.343631
8.180000	0.335111
8.220000	0.329431
8.260000	0.323751
8.300000	0.318071
8.340000	0.312392
8.380000	0.306712
8.420000	0.301032
8.460000	0.295352
8.500000	0.289672
8.540000	0.283992
8.580000	0.279732
8.620000	0.273769
8.660000	0.269509
8.700000	0.263545
8.740000	0.259285
8.780000	0.254741
8.820000	0.250481
8.860000	0.246221
8.900000	0.241677
8.940000	0.237418
8.980000	0.233158
9.020000	0.228614
9.060000	0.225774
9.100000	0.221230
9.140000	0.216970
9.180000	0.214130
9.220000	0.209586
9.260000	0.206746
9.300000	0.202487
9.340000	0.199647
9.380000	0.196523
9.420000	0.193683
9.460000	0.189423
9.500000	0.186299
9.540000	0.183459
9.580000	0.180619
9.620000	0.177779
9.660000	0.174655
9.700000	0.171815
9.740000	0.168975
9.780000	0.166136
9.820000	0.163012
9.860000	0.161592
9.900000	0.158752
9.940000	0.155912
9.980000	0.154492
10.020000	0.151368
20.000000	0.009741
40.000000	0.000608
60.000000	0.000120
80.000000	0.000037
100.000000	0.000015
120.000000	0.000007
140.000000	0.000004
160.000000	0.000002
