0.115100	0.475189
0.115200	0.699871
0.115400	0.737318
0.115600	0.746358
0.115700	0.601734
0.115900	0.457111
0.116100	0.533296
0.116200	0.468733
0.116400	0.515219
0.116600	0.436451
0.116700	0.429995
0.116900	0.482937
0.117100	0.365431
0.117200	0.688249
0.117400	0.985243
0.117600	1.000738
0.117700	0.801882
0.117900	0.497141
0.118100	0.237595
0.118200	0.207895
0.118400	0.223390
0.118600	0.330567
0.118800	0.275041
0.118900	0.318945
0.119100	0.387383
0.119200	0.436451
0.119400	0.446781
0.119600	0.413208
0.119800	0.467442
0.119900	0.582365
0.120100	0.712784
0.120300	0.980078
0.120400	1.497876
0.120600	2.001477
0.120800	2.517990
0.120900	4.416158
0.121100	7.902608
0.121300	13.041929
0.121400	17.173977
0.121600	16.528295
0.121800	12.086341
0.121900	7.282795
0.122100	3.512267
0.122300	1.769052
0.122400	0.715367
0.122600	0.431286
0.122800	0.338314
0.122900	0.267294
0.123100	0.258255
0.123300	0.302158
0.123400	0.285371
0.123600	0.344771
0.123800	0.397713
0.123900	0.387383
0.124100	0.382217
0.124300	0.311198
0.124400	0.266003
0.124600	0.200148
0.124800	0.191109
0.125000	0.197565
0.125100	0.192401
0.125300	0.173031
0.125400	0.180778
0.125600	0.166574
0.125800	0.207895
0.125900	0.237595
0.126100	0.253090
0.126300	0.276333
0.126500	0.280207
0.126600	0.246634
0.126800	0.151079
0.127000	0.114149
0.127100	0.086645
0.127300	0.093747
0.127500	0.134292
0.127600	0.143332
0.127800	0.163992
0.128000	0.145915
0.128100	0.158827
0.128300	0.129128
0.128500	0.084449
0.128600	0.090648
0.128800	0.120088
0.129000	0.152370
0.129100	0.148496
0.129300	0.151079
0.129500	0.151079
0.129600	0.184652
0.129800	0.229847
0.130000	0.414499
0.130100	0.658550
0.130300	0.994281
0.130500	1.100162
0.130600	0.892271
0.130800	0.568161
0.131000	0.325401
0.131200	0.204022
0.131300	0.119185
0.131500	0.123446
0.131600	0.127062
0.131800	0.092326
0.132000	0.102398
0.132200	0.097362
0.132300	0.096716
0.132500	0.138166
0.132700	0.171740
0.132800	0.200148
0.133000	0.294411
0.133200	0.504888
0.133300	0.972330
0.133500	1.562445
0.133700	1.255115
0.133800	0.612064
0.134000	0.263420
0.134200	0.149788
0.134300	0.142041
0.134500	0.113374
0.134700	0.112211
0.134800	0.116085
0.135000	0.131710
0.135200	0.143332
0.135300	0.198856
0.135500	0.205313
0.135700	0.219517
0.135800	0.200148
0.136000	0.194982
0.136200	0.156244
0.136400	0.130419
0.136500	0.134292
0.136700	0.121509
0.136800	0.134292
0.137000	0.129128
0.137200	0.130419
0.137300	0.129128
0.137500	0.113633
0.137700	0.112729
0.137900	0.107047
0.138000	0.127578
0.138200	0.122284
0.138400	0.114149
0.138500	0.096846
0.138700	0.113245
0.138900	0.167866
0.139000	0.244051
0.139200	0.384800
0.139400	0.654676
0.139500	0.597860
0.139700	0.371887
0.139900	0.281498
0.140000	0.365431
0.140200	0.418373
0.140400	0.468733
0.140500	0.387383
0.140700	0.302158
0.140900	0.175614
0.141000	0.131710
0.141200	0.162700
0.141400	0.185944
0.141500	0.162700
0.141700	0.135584
0.141900	0.100978
0.142000	0.114019
0.142200	0.147205
0.142400	0.144623
0.142600	0.143332
0.142700	0.171740
0.142900	0.193691
0.143000	0.160119
0.143200	0.145915
0.143400	0.145915
0.143600	0.149788
0.143700	0.183361
0.143900	0.183361
0.144100	0.175614
0.144200	0.201439
0.144400	0.179487
0.144600	0.167866
0.144700	0.142041
0.144900	0.202730
0.145100	0.191109
0.145200	0.188526
0.145400	0.175614
0.145600	0.158827
0.145700	0.185944
0.145900	0.182070
0.146100	0.180778
0.146200	0.219517
0.146400	0.206604
0.146600	0.215643
0.146700	0.204022
0.146900	0.197565
0.147100	0.253090
0.147200	0.273750
0.147400	0.268586
0.147600	0.250508
0.147800	0.244051
0.147900	0.272459
0.148100	0.286663
0.148200	0.251799
0.148400	0.223390
0.148600	0.213060
0.148800	0.216934
0.148900	0.225973
0.149100	0.205313
0.149300	0.182070
0.149400	0.185944
0.149600	0.218226
0.149800	0.192401
0.149900	0.197565
0.150100	0.211769
0.150300	0.235012
0.150400	0.224681
0.150600	0.258255
0.150800	0.251799
0.150900	0.242759
0.151100	0.276333
0.151300	0.277624
0.151400	0.237595
0.151600	0.253090
0.151800	0.238885
0.151900	0.263420
0.152100	0.263420
0.152300	0.266003
0.152400	0.339605
0.152600	0.337023
0.152800	0.325401
0.152900	0.329276
0.153100	0.361558
0.153300	0.384800
0.153400	0.371887
0.153600	0.337023
0.153800	0.290537
0.154000	0.282790
0.154100	0.333149
0.154300	0.475189
0.154400	0.737318
0.154600	1.229298
0.154800	1.794869
0.154900	1.898178
0.155100	1.317096
0.155300	0.772183
0.155500	0.445490
0.155600	0.379635
0.155800	0.470024
0.156000	0.584948
0.156100	0.653386
0.156300	0.524258
0.156500	0.352518
0.156600	0.240177
0.156800	0.275041
0.157000	0.285371
0.157100	0.286663
0.157300	0.330567
0.157500	0.331857
0.157600	0.306032
0.157800	0.251799
0.158000	0.188526
0.158100	0.211769
0.158300	0.245342
0.158500	0.260838
0.158600	0.264712
0.158800	0.255672
0.159000	0.256963
0.159200	0.273750
0.159300	0.300867
0.159500	0.269876
0.159600	0.284081
0.159800	0.291828
0.160000	0.269876
0.160200	0.228556
0.160300	0.255672
0.160500	0.262129
0.160600	0.254381
0.160800	0.253090
0.161000	0.275041
0.161200	0.268586
0.161300	0.251799
0.161500	0.240177
0.161700	0.192401
0.161800	0.185944
0.162000	0.196274
0.162200	0.236304
0.162300	0.272459
0.162500	0.227264
0.162700	0.245342
0.162800	0.262129
0.163000	0.325401
0.163200	0.356392
0.163300	0.423538
0.163500	0.508762
0.163700	0.764435
0.163800	1.212509
0.164000	1.665743
0.164200	1.407491
0.164300	0.854824
0.164500	0.504888
0.164700	0.347353
0.164800	0.307323
0.165000	0.298285
0.165200	0.420956
0.165400	0.679211
0.165500	1.078210
0.165700	1.446232
0.165800	1.275779
0.166000	0.848368
0.166200	0.557831
0.166400	0.442907
0.166500	0.446781
0.166700	0.449364
0.166900	0.538462
0.167000	0.646929
0.167200	0.603026
0.167400	0.481646
0.167500	0.344771
0.167700	0.260838
0.167900	0.241468
0.168000	0.224681
0.168200	0.218226
0.168400	0.246634
0.168500	0.277624
0.168700	0.275041
0.168900	0.291828
0.169000	0.294411
0.169200	0.308615
0.169400	0.365431
0.169500	0.382217
0.169700	0.380926
0.169900	0.361558
0.170000	0.346062
0.170200	0.321527
0.170400	0.330567
0.170500	0.309906
0.170700	0.286663
0.170900	0.313780
0.171000	0.364139
0.171200	0.396421
0.171400	0.395130
0.171600	0.405461
0.171700	0.388674
0.171900	0.369305
0.172000	0.340897
0.172200	0.343480
0.172400	0.338314
0.172600	0.339605
0.172700	0.304741
0.172900	0.277624
0.173100	0.266003
0.173200	0.275041
0.173400	0.294411
0.173600	0.298285
0.173700	0.296994
0.173900	0.304741
0.174100	0.311198
0.174200	0.307323
0.174400	0.286663
0.174600	0.287954
0.174700	0.312489
0.174900	0.337023
0.175100	0.340897
0.175200	0.343480
0.175400	0.309906
0.175600	0.294411
0.175700	0.304741
0.175900	0.308615
0.176100	0.309906
0.176200	0.313780
0.176400	0.330567
0.176600	0.346062
0.176800	0.338314
0.176900	0.327984
0.177100	0.334440
0.177200	0.342188
0.177400	0.349935
0.177600	0.344771
0.177800	0.343480
0.177900	0.352518
0.178100	0.338314
0.178300	0.342188
0.178400	0.374470
0.178600	0.377053
0.178800	0.365431
0.178900	0.357683
0.179100	0.339605
0.179300	0.340897
0.179400	0.339605
0.179600	0.340897
0.179800	0.334440
0.179900	0.371887
0.180100	0.422247
0.180300	0.553957
0.180400	0.881941
0.180600	1.420405
0.180800	1.781955
0.180900	1.627002
0.181100	1.317096
0.181300	1.407491
0.181400	2.040217
0.181600	2.776242
0.181800	2.608375
0.181900	1.833610
0.182100	1.125989
0.182300	0.693415
0.182400	0.541044
0.182600	0.497141
0.182800	0.479063
0.183000	0.445490
0.183100	0.423538
0.183300	0.426120
0.183400	0.414499
0.183600	0.414499
0.183800	0.414499
0.184000	0.424829
0.184100	0.437743
0.184300	0.441616
0.184500	0.460985
0.184600	0.470024
0.184800	0.470024
0.185000	0.479063
0.185100	0.508762
0.185300	0.557831
0.185500	0.566870
0.185600	0.552666
0.185800	0.542336
0.186000	0.550083
0.186100	0.553957
0.186300	0.541044
0.186500	0.508762
0.186600	0.494559
0.186800	0.491976
0.187000	0.504888
0.187100	0.525549
0.187300	0.548792
0.187500	0.562996
0.187600	0.562996
0.187800	0.541044
0.188000	0.530715
0.188200	0.530715
0.188300	0.552666
0.188500	0.573326
0.188600	0.600443
0.188800	0.641763
0.189000	0.712784
0.189200	0.777348
0.189300	0.795425
0.189500	0.759270
0.189700	0.716657
0.189800	0.715367
0.190000	0.756687
0.190200	0.794134
0.190300	0.764435
0.190500	0.695998
0.190700	0.659841
0.190800	0.630142
0.191000	0.627560
0.191200	0.639181
0.191300	0.641763
0.191500	0.668881
0.191700	0.690832
0.191800	0.686958
0.192000	0.661133
0.192200	0.661133
0.192300	0.680502
0.192500	0.703745
0.192700	0.726988
0.192800	0.757979
0.193000	0.761852
0.193200	0.743775
0.193300	0.703745
0.193500	0.689541
0.193700	0.679211
0.193800	0.672754
0.194000	0.685667
0.194200	0.703745
0.194400	0.733444
0.194500	0.750231
0.194700	0.757979
0.194800	0.765726
0.195000	0.760562
0.195200	0.761852
0.195400	0.772183
0.195500	0.769600
0.195700	0.770891
0.195900	0.769600
0.196000	0.778639
0.196200	0.798008
0.196400	0.810920
0.196500	0.838038
0.196700	0.859989
0.196900	0.858698
0.197000	0.878067
0.197200	0.878067
0.197400	0.870319
0.197500	0.872902
0.197700	0.892271
0.197900	0.907766
0.198200	0.546209
0.198400	0.402878
0.198700	1.136326
0.199000	1.278366
0.199200	1.000738
0.199500	0.823833
0.199800	0.866446
0.200000	0.115182
0.200300	0.343480
0.200600	0.949087
0.200800	0.608190
0.201100	1.381664
0.201400	1.304193
0.201600	2.001477
0.201900	0.497141
0.202200	0.876776
0.202400	0.779930
0.202700	1.043350
0.203000	0.808339
0.203200	1.020108
0.203500	1.067883
0.203800	0.613356
0.204000	0.950378
0.204300	1.023981
0.204600	1.215086
0.204800	1.472049
0.205100	0.928427
0.205400	1.133739
0.205600	1.080797
0.205900	0.857406
0.206200	1.114374
0.206400	1.459146
0.206700	1.180230
0.207000	1.199596
0.207200	1.523704
0.207500	1.484963
0.207800	1.054971
0.208000	1.639916
0.208300	1.206047
0.208600	1.178932
0.208800	1.872351
0.209100	2.233901
0.209400	1.172480
0.209600	1.911092
0.209900	2.543807
0.210200	2.066045
0.210400	2.246815
0.210700	1.898178
0.211000	2.285555
0.211200	2.066045
0.211500	2.169343
0.211700	1.794869
0.212000	2.246815
0.212300	3.292756
0.212500	2.363037
0.212800	2.001477
0.213100	2.582548
0.213300	2.272642
0.213600	2.195171
0.213900	2.995763
0.214100	2.931195
0.214400	2.737501
0.214700	3.551008
0.214900	2.957022
0.215200	1.872351
0.215500	2.492163
0.215700	3.111976
0.216000	2.582548
0.216300	3.602662
0.216500	2.582548
0.216800	2.324296
0.217100	2.969936
0.217300	2.918282
0.217600	2.466336
0.217900	2.982850
0.218100	3.047407
0.218400	3.099062
0.218700	2.995763
0.218900	3.486439
0.219200	3.331486
0.219500	3.744702
0.219700	3.292756
0.220000	3.163620
0.220300	3.602662
0.220500	4.390331
0.220800	3.744702
0.221100	4.519467
0.221300	3.977126
0.221600	3.977126
0.221900	4.803546
0.222100	3.680133
0.222400	4.661506
0.222700	5.087625
0.222900	5.048884
0.223200	4.700237
0.223500	4.338687
0.223700	6.159383
0.224000	5.074711
0.224300	4.984326
0.224500	6.081901
0.224800	5.784908
0.225100	6.714627
0.225300	7.838040
0.225600	7.321526
0.225900	7.179486
0.226100	5.694524
0.226400	4.687334
0.226700	5.617052
0.226900	5.642869
0.227200	5.926948
0.227500	5.294232
0.227700	5.087625
0.228000	5.642869
0.228200	6.766282
0.228500	7.037447
0.228800	6.301422
0.229000	5.991516
0.229300	6.249768
0.229600	6.869580
0.229800	6.378904
0.230100	5.810736
0.230400	6.030257
0.230600	7.515220
0.230900	6.508030
0.231200	6.172296
0.231500	5.526657
0.231700	7.295709
0.232000	7.399008
0.232300	7.076188
0.232500	7.747655
0.232800	7.889694
0.233100	9.038923
0.233300	9.813689
0.233600	10.536810
0.233800	9.620005
0.234100	9.155136
0.234400	9.103492
0.234600	10.136509
0.234900	9.361743
0.235200	9.064751
0.235400	9.129319
0.235700	8.974366
0.236000	9.323002
0.236200	11.117871
0.236500	10.523897
0.236800	10.356030
0.237000	9.620005
0.237300	9.258445
0.237600	9.439225
0.237800	10.756332
0.238100	12.357496
0.238400	13.429233
0.238600	14.204051
0.238900	12.047590
0.239200	12.112211
0.239400	11.066238
0.239700	11.066238
0.240000	11.350275
0.240200	11.401908
0.240500	11.983074
0.240800	12.241242
0.241000	11.466529
0.241300	11.828069
0.241600	10.872586
0.241800	10.420588
0.242100	10.356030
0.242400	11.698932
0.242600	11.737684
0.242900	11.117871
0.243200	11.918453
0.243400	12.551148
0.243700	12.021720
0.244000	11.518162
0.244200	11.544032
0.244500	11.647299
0.244800	11.221138
0.245000	10.962971
0.245300	10.769214
0.245600	11.143741
0.245800	11.259890
0.246100	10.433501
0.246400	9.645822
0.246600	10.472242
0.246900	11.027486
0.247200	10.988735
0.247400	12.267111
0.247700	12.008838
0.248000	10.949983
0.248200	10.317289
0.248500	9.413398
0.248800	9.180963
0.249000	9.271358
0.249300	10.653065
0.249500	10.885468
0.249800	11.789317
0.250100	12.008838
0.250300	12.499514
0.250600	12.512502
0.250900	12.912793
0.251200	12.486632
0.251400	11.234126
0.251700	10.291462
0.251900	9.503783
0.252200	10.059037
0.252500	10.071951
0.252800	10.575562
0.253000	11.259890
0.253300	11.957205
0.253500	13.300097
0.253800	14.720491
0.254100	15.107900
0.254400	15.107900
0.254600	14.849627
0.254900	15.366173
0.255100	16.140991
0.255400	17.690522
0.255700	18.852644
0.255900	19.240053
0.256000	19.369084
0.256300	20.143902
0.256600	20.143902
0.256800	21.435160
0.257100	22.597282
0.257400	23.242964
0.257600	23.501237
0.257900	23.113828
0.258200	26.987602
0.258400	26.858571
0.258700	26.858571
0.259000	27.375011
0.259200	27.504148
0.259500	26.083753
0.259800	27.116739
0.260000	27.633284
0.260300	27.891557
0.260600	26.083753
0.260800	26.987602
0.261100	27.375011
0.261400	26.729435
0.261600	30.474073
0.261900	31.507164
0.262200	32.281877
0.262400	34.993530
0.262700	36.155757
0.263000	37.447015
0.263200	34.735257
0.263500	38.996546
0.263800	44.807261
0.264000	49.197581
0.264300	50.876248
0.264600	47.777186
0.264800	42.870321
0.265100	42.741184
0.265400	48.293732
0.265600	52.296643
0.265900	52.038370
0.266200	48.551899
0.266400	49.068444
0.266700	53.200492
0.267000	50.230566
0.267200	49.843263
0.267500	52.425779
0.267800	51.650961
0.268000	47.002474
0.268300	51.005385
0.268600	51.134521
0.268800	49.326717
0.269100	49.326717
0.269400	50.488839
0.269600	49.197581
0.269900	52.167506
0.270200	55.524841
0.270400	57.849085
0.270700	55.653977
0.271000	53.846174
0.271200	53.975310
0.271500	52.296643
0.271800	40.804244
0.272000	31.507164
0.272300	31.765331
0.272600	37.576152
0.272800	47.777186
0.273100	54.750023
0.273400	51.134521
0.273600	42.482912
0.273900	38.996546
0.274200	38.867410
0.274400	37.576152
0.274700	39.512986
0.275000	42.741184
0.275200	43.516003
0.275500	47.260641
0.275800	49.972399
0.276000	57.074372
0.276300	60.948146
0.276600	60.302570
0.276800	62.368541
0.277100	61.722965
0.277400	62.368541
0.277600	61.981237
0.277900	59.915161
0.278200	50.747112
0.278400	50.876248
0.278700	52.425779
0.279000	51.005385
0.279200	50.230566
0.279500	62.885087
0.279800	87.161036
0.280000	75.668743
0.280300	70.891014
0.280600	75.410470
0.280800	61.852101
0.281100	52.942325
0.281400	56.557826
0.281600	61.981237
0.281900	68.824938
0.282200	69.599756
0.282400	72.698818
0.282700	73.990076
0.283000	75.797880
0.283200	77.476547
0.283500	74.764789
0.283800	71.020150
0.284000	67.275407
0.284300	61.077283
0.284600	51.521824
0.284800	41.320790
0.285100	29.957633
0.285400	24.405086
0.285600	27.375011
0.285900	37.317879
0.286200	46.873337
0.286400	56.557826
0.286700	62.626814
0.287000	68.308498
0.287200	73.731803
0.287500	80.446472
0.287800	78.896941
0.288000	73.215258
0.288300	67.921088
0.288600	76.572592
0.288800	96.458222
0.289100	107.692136
0.289400	117.376836
0.289600	133.000965
0.289900	148.496275
0.290200	167.865676
0.290400	180.778257
0.290700	175.613858
0.291000	175.613858
0.291200	171.739767
0.291500	170.448403
0.291800	178.195530
0.292000	179.486894
0.292300	173.031131
0.292600	163.991584
0.292800	163.991584
0.293100	169.157039
0.293400	182.069621
0.293600	162.700220
0.293900	134.292329
0.294200	135.583693
0.294400	135.583693
0.294700	139.457784
0.295000	135.583693
0.295200	138.166421
0.295500	143.331876
0.295800	142.040512
0.296000	149.787639
0.296300	153.661730
0.296600	130.419294
0.296800	98.653434
0.297100	91.422325
0.297400	105.755618
0.297600	138.166421
0.297900	162.700220
0.298200	140.749148
0.298400	109.242195
0.298700	104.722422
0.299000	127.577871
0.299200	138.166421
0.299500	127.836566
0.299800	112.728772
0.300000	100.590375
0.300300	94.263114
0.300600	98.782571
0.300800	104.722422
0.301100	110.146044
0.301400	119.184535
0.301600	117.764351
0.301900	96.845631
0.302200	83.158125
0.302400	92.584447
0.302700	122.154777
0.303000	156.244457
0.303200	183.360985
0.303500	191.109168
0.303800	179.486894
0.304000	157.535821
0.304300	153.661730
0.304600	163.991584
0.304800	161.409913
0.305100	160.118549
0.305400	160.118549
0.305600	162.700220
0.305900	148.496275
0.306200	144.623239
0.306400	166.574312
0.306700	179.486894
0.307000	187.235076
0.307200	207.894785
0.307500	216.934331
0.307700	218.225695
0.308000	218.225695
0.308300	210.477512
0.308600	207.894785
0.308800	210.477512
0.309100	193.690839
0.309400	165.282948
0.309600	154.953094
0.309900	157.535821
0.310200	162.700220
0.310400	201.439022
0.310700	262.128895
0.311000	303.449369
0.311200	318.944678
0.311500	315.071642
0.311800	290.536787
0.312000	262.128895
0.312300	253.090405
0.312600	253.090405
0.312800	256.963440
0.313100	263.420259
0.313400	267.294351
0.313600	269.876022
0.313900	272.458750
0.314200	273.750114
0.314400	258.254804
0.314700	253.090405
0.315000	262.128895
0.315200	258.254804
0.315500	253.090405
0.315800	229.846913
0.316000	201.439022
0.316300	188.526440
0.316500	214.351604
0.316800	260.837532
0.317100	289.245423
0.317400	308.614824
0.317600	309.906187
0.317900	293.119514
0.318200	256.963440
0.318400	229.846913
0.318700	232.429641
0.319000	241.468131
0.319200	246.633586
0.319500	228.555549
0.319800	233.721004
0.320000	256.963440
0.320300	250.507677
0.320600	266.002987
0.320800	300.866641
0.321100	275.041477
0.321400	227.264185
0.321600	213.060240
0.321900	224.681458
0.322200	238.885403
0.322400	237.595096
0.322700	218.225695
0.323000	205.313113
0.323200	193.690839
0.323500	202.730386
0.323800	215.642967
0.324000	229.846913
0.324300	254.380713
0.324600	259.546168
0.324800	264.711623
0.325100	267.294351
0.325300	266.002987
0.325600	289.245423
0.325900	320.236042
0.326200	348.643933
0.326400	378.343188
0.326700	377.052880
0.327000	373.178789
0.327200	351.226660
0.327500	349.935297
0.327800	386.091370
0.328000	382.217279
0.328300	358.974843
0.328600	362.847878
0.328800	365.430606
0.329100	361.557571
0.329400	375.761516
0.329600	408.042443
0.329900	418.373353
0.330200	427.411843
0.330400	453.238063
0.330700	437.742754
0.330900	397.712588
0.331200	355.100752
0.331500	351.226660
0.331700	373.178789
0.332000	384.800007
0.332300	431.285935
0.332500	432.577299
0.332800	409.333807
0.333100	409.333807
0.333300	417.081989
0.333600	392.547133
0.333900	364.139242
0.334100	375.761516
0.334400	380.925915
0.334700	406.752135
0.334900	433.868662
0.335000	466.150645
0.337500	444.198517
0.340000	450.655335
0.342500	455.819735
0.345000	437.742754
0.347500	454.528371
0.350000	490.684445
0.352500	516.509608
0.355000	521.675063
0.357500	454.528371
0.360000	437.742754
0.362500	497.141264
0.365000	600.442974
0.367500	675.336793
0.370000	631.433593
0.372500	515.219300
0.375000	464.859281
0.377500	541.044464
0.380000	538.461737
0.382500	423.537752
0.385000	395.129861
0.387500	458.402462
0.390000	524.257791
0.392500	498.432627
0.395000	497.141264
0.397500	619.812375
0.400000	839.329433
0.402500	972.330399
0.405000	983.951617
0.407500	1045.932854
0.410000	1116.950471
0.412500	1111.787127
0.415000	1105.335588
0.417500	1101.460441
0.420000	1091.123195
0.422500	1074.344969
0.425000	1062.719528
0.427500	1027.854818
0.430000	1029.146181
0.432500	1133.739256
0.435000	1238.336553
0.437500	1238.336553
0.440000	1242.211701
0.442500	1304.192938
0.445000	1381.664205
0.447500	1459.146032
0.450000	1536.617299
0.452500	1536.617299
0.455000	1536.617299
0.457500	1575.358212
0.460000	1601.185488
0.462500	1601.185488
0.465000	1601.185488
0.467500	1588.271850
0.470000	1614.099125
0.472500	1627.002204
0.475000	1639.915842
0.477500	1652.829480
0.480000	1652.829480
0.482500	1652.829480
0.485000	1588.271850
0.487500	1549.530937
0.490000	1562.444575
0.492500	1562.444575
0.495000	1575.358212
0.497500	1562.444575
0.500000	1536.617299
0.502500	1536.617299
0.505000	1536.617299
0.507500	1549.530937
0.510000	1523.703661
0.512500	1459.146032
0.515000	1381.664205
0.517500	1330.009655
0.520000	1381.664205
0.522500	1510.790024
0.525000	1549.530937
0.527500	1575.358212
0.530000	1614.099125
0.532500	1614.099125
0.535000	1627.002204
0.537500	1627.002204
0.540000	1601.185488
0.542500	1601.185488
0.545000	1639.915842
0.547500	1652.829480
0.550000	1678.656755
0.552500	1678.656755
0.555000	1665.743117
0.557500	1652.829480
0.560000	1639.915842
0.562500	1652.829480
0.565000	1665.743117
0.567500	1665.743117
0.570000	1665.743117
0.572500	1704.484031
0.575000	1717.397668
0.577500	1717.397668
0.580000	1704.484031
0.582500	1730.311306
0.585000	1730.311306
0.587500	1665.743117
0.590000	1639.915842
0.592500	1704.484031
0.595000	1717.397668
0.597500	1678.656755
0.600000	1652.829480
0.602500	1665.743117
0.605000	1678.656755
0.607500	1665.743117
0.610000	1627.002204
0.612500	1601.185488
0.615000	1588.271850
0.617500	1588.271850
0.620000	1601.185488
0.622500	1601.185488
0.625000	1588.271850
0.627500	1588.271850
0.630000	1588.271850
0.632500	1588.271850
0.635000	1575.358212
0.637500	1588.271850
0.640000	1575.358212
0.642500	1562.444575
0.645000	1575.358212
0.647500	1575.358212
0.650000	1523.703661
0.652500	1523.703661
0.655000	1510.790024
0.657500	1523.703661
0.660000	1562.444575
0.662500	1562.444575
0.665000	1562.444575
0.667500	1562.444575
0.670000	1536.617299
0.672500	1523.703661
0.675000	1523.703661
0.677500	1523.703661
0.680000	1484.962748
0.682500	1484.962748
0.685000	1510.790024
0.687500	1446.232394
0.690000	1459.146032
0.692500	1459.146032
0.695000	1472.049111
0.697500	1459.146032
0.700000	1433.318756
0.702500	1420.405119
0.705000	1407.491481
0.707500	1407.491481
0.710000	1420.405119
0.712500	1420.405119
0.715000	1420.405119
0.717500	1394.577843
0.720000	1342.923292
0.722500	1355.836930
0.725000	1368.750568
0.727500	1355.836930
0.730000	1355.836930
0.732500	1368.750568
0.735000	1355.836930
0.737500	1342.923292
0.740000	1342.923292
0.742500	1342.923292
0.745000	1342.923292
0.747500	1342.923292
0.750000	1342.923292
0.752500	1330.009655
0.753000	1317.096017
0.755000	1317.096017
0.757000	1304.192938
0.759000	1304.192938
0.761000	1291.279300
0.763000	1291.279300
0.765000	1291.279300
0.767000	1249.951436
0.769000	1287.404153
0.771000	1262.865074
0.773000	1266.740221
0.775000	1248.663240
0.777000	1274.490515
0.779000	1265.452025
0.781000	1258.989927
0.783000	1242.211701
0.785000	1237.037798
0.787000	1249.951436
0.789000	1238.336553
0.791000	1217.672621
0.793000	1197.008689
0.795000	1189.268954
0.797000	1216.384425
0.799000	1213.797474
0.801000	1194.432297
0.803000	1195.720493
0.805000	1182.806855
0.807000	1189.268954
0.809000	1163.441678
0.811000	1172.480169
0.813000	1177.643512
0.815000	1169.893218
0.817000	1167.316825
0.819000	1122.113814
0.821000	1132.451059
0.823000	1131.152304
0.825000	1141.489550
0.827000	1149.239844
0.829000	1141.489550
0.831000	1116.950471
0.833000	1104.036833
0.835000	1113.075323
0.837000	1115.662275
0.839000	1079.508312
0.841000	1111.787127
0.843000	1084.671656
0.845000	1098.873490
0.847000	1084.671656
0.849000	1092.421950
0.851000	1043.350127
0.853000	1085.959852
0.855000	1016.233599
0.857000	1088.546803
0.859000	1065.306479
0.861000	1061.431331
0.863000	1069.171067
0.865000	1070.469822
0.867000	985.242981
0.869000	1023.980726
0.871000	1043.350127
0.873000	1044.641491
0.875000	1031.728909
0.877000	1042.058763
0.879000	1031.728909
0.881000	995.572835
0.883000	1016.233599
0.885000	1023.980726
0.887000	1002.029654
0.889000	1022.690418
0.891000	1025.272090
0.893000	1003.321018
0.895000	998.155563
0.897000	1000.738290
0.899000	1002.029654
0.901000	958.126453
0.903000	989.117072
0.905000	1002.029654
0.907000	989.117072
0.909000	958.126453
0.911000	965.873580
0.913000	978.786162
0.915000	973.621763
0.917000	969.747671
0.919000	976.204490
0.921000	952.960998
0.923000	951.669634
0.925000	943.922508
0.927000	949.086907
0.929000	946.504179
0.931000	951.669634
0.933000	943.922508
0.935000	938.757053
0.937000	928.427198
0.939000	934.882961
0.941000	901.309615
0.943000	925.844471
0.945000	906.475070
0.947000	920.679016
0.949000	921.970379
0.951000	914.223253
0.953000	909.057798
0.955000	889.688397
0.957000	893.562488
0.959000	903.892343
0.961000	892.271125
0.963000	885.814306
0.965000	872.901724
0.967000	874.193088
0.969000	883.232634
0.971000	874.193088
0.973000	869.028688
0.975000	862.571870
0.977000	862.571870
0.979000	852.242015
0.981000	862.571870
0.983000	857.406414
0.985000	858.697778
0.987000	849.659288
0.989000	847.076560
0.991000	844.493833
0.993000	847.076560
0.995000	844.493833
0.997000	841.911105
0.999000	836.746706
1.002500	830.289887
1.007500	817.377305
1.012500	814.794578
1.017500	801.881996
1.022500	798.007905
1.027500	795.425177
1.032500	779.929868
1.037500	772.182741
1.042500	772.182741
1.047500	760.561523
1.052500	759.270159
1.057500	747.647885
1.062500	739.900758
1.067500	726.988177
1.072500	725.696813
1.077500	715.365903
1.082500	701.161957
1.087500	699.871649
1.092500	698.580285
1.097500	688.249375
1.102500	690.832103
1.107500	688.249375
1.112500	680.502248
1.117500	671.462702
1.122500	668.879974
1.127500	654.676029
1.132500	654.676029
1.137500	646.928902
1.142500	636.599048
1.147500	643.054811
1.152500	637.890412
1.157500	627.559501
1.162500	617.229647
1.167500	615.938283
1.172500	617.229647
1.177500	604.317065
1.182500	596.568883
1.187500	590.113120
1.192500	599.151610
1.197500	573.326447
1.202500	582.364937
1.207500	573.326447
1.212500	574.617810
1.217500	575.909174
1.222500	570.743719
1.227500	562.995536
1.232500	560.413865
1.237500	556.539773
1.242500	550.082955
1.247500	548.791591
1.252500	542.335828
1.257500	539.753100
1.262500	534.587645
1.267500	528.131882
1.272500	528.131882
1.277500	525.549155
1.282500	503.597027
1.287500	513.927937
1.292500	508.762482
1.297500	508.762482
1.302500	502.305663
1.307500	502.305663
1.312500	490.684445
1.317500	488.101717
1.322500	490.684445
1.327500	481.645954
1.332500	481.645954
1.337500	476.480499
1.342500	477.771863
1.347500	472.606408
1.352500	470.023680
1.357500	460.985190
1.362500	459.693826
1.367500	458.402462
1.372500	457.111098
1.377500	453.238063
1.382500	450.655335
1.387500	446.781244
1.392500	445.489880
1.397500	442.907153
1.402500	435.160026
1.407500	436.451390
1.412500	429.994571
1.417500	432.577299
1.422500	422.247444
1.427500	414.499262
1.432500	420.956080
1.437500	420.956080
1.442500	406.752135
1.447500	414.499262
1.452500	405.460771
1.457000	406.752135
1.462000	405.460771
1.467500	402.878044
1.472500	396.421225
1.477500	395.129861
1.482500	392.547133
1.487500	382.217279
1.492500	392.547133
1.497500	384.800007
1.502500	366.721970
1.507500	370.596061
1.512500	379.634552
1.517500	378.343188
1.522500	371.887425
1.527500	373.178789
1.532500	369.304697
1.537500	369.304697
1.542500	368.013334
1.547500	364.139242
1.552500	357.683479
1.557500	355.100752
1.562500	357.683479
1.567500	348.643933
1.572500	351.226660
1.577500	334.439987
1.582500	340.896806
1.587500	330.566952
1.592500	335.731351
1.597500	337.022715
1.605000	333.148623
1.615000	327.984224
1.625000	325.401497
1.635000	318.944678
1.645000	311.197551
1.655000	309.906187
1.665000	303.449369
1.675000	294.410878
1.685000	287.954059
1.695000	287.954059
1.705000	277.624205
1.715000	273.750114
1.725000	266.002987
1.735000	258.254804
1.745000	256.963440
1.755000	253.090405
1.765000	247.924950
1.775000	242.759495
1.785000	238.885403
1.795000	235.012368
1.805000	229.846913
1.815000	222.099786
1.825000	219.517059
1.835000	215.642967
1.845000	210.477512
1.855000	207.894785
1.865000	201.439022
1.875000	192.399475
1.885000	196.273567
1.895000	188.526440
1.905000	189.817804
1.915000	185.943712
1.925000	182.069621
1.935000	176.905222
1.945000	170.448403
1.955000	171.739767
1.965000	169.157039
1.975000	163.991584
1.985000	162.700220
1.995000	160.118549
2.005000	158.827185
2.015000	156.244457
2.025000	152.370366
2.035000	148.496275
2.045000	148.496275
2.055000	144.623239
2.065000	142.040512
2.075000	139.457784
2.085000	136.875057
2.095000	134.292329
2.105000	133.000965
2.115000	130.419294
2.125000	128.352901
2.135000	126.545202
2.145000	124.478809
2.155000	122.412416
2.165000	117.764351
2.175000	117.505656
2.185000	115.827833
2.195000	114.536470
2.205000	111.437408
2.215000	110.920018
2.225000	108.467166
2.235000	106.788287
2.245000	105.109831
2.255000	103.689436
2.265000	101.494224
2.275000	100.590375
2.285000	98.266025
2.295000	93.746569
2.305000	94.263114
2.315000	92.971856
2.325000	87.806718
2.335000	88.452400
2.345000	88.452400
2.355000	83.028989
2.365000	84.707656
2.375000	83.932943
2.385000	79.155214
2.395000	80.446472
2.405000	79.929927
2.415000	76.185183
2.425000	76.572592
2.435000	75.927016
2.445000	73.731803
2.455000	72.311409
2.465000	72.957090
2.475000	71.020150
2.485000	68.954074
2.495000	69.341483
2.505000	69.083210
2.515000	66.629830
2.525000	66.888103
2.535000	65.984148
2.545000	64.563754
2.555000	63.659905
2.565000	63.014223
2.575000	62.626814
2.585000	60.560843
2.595000	60.560843
2.605000	60.044297
2.615000	59.011312
2.625000	57.074372
2.635000	57.332645
2.645000	56.428690
2.655000	55.783114
2.665000	54.491856
2.675000	54.620992
2.685000	53.975310
2.695000	53.071461
2.705000	52.554915
2.715000	51.780097
2.725000	51.134521
2.735000	50.488839
2.745000	49.972399
2.755000	49.197581
2.765000	48.422868
2.775000	47.777186
2.785000	47.260641
2.795000	46.744201
2.805000	46.098519
2.815000	45.581973
2.825000	44.936397
2.835000	44.419852
2.845000	43.774275
2.855000	43.257730
2.865000	42.612048
2.875000	42.095608
2.885000	41.579063
2.895000	41.062517
2.905000	40.546077
2.915000	40.029532
2.925000	39.383850
2.935000	38.996546
2.945000	38.480001
2.955000	38.092592
2.965000	37.576152
2.975000	37.188742
2.985000	36.672197
2.995000	36.155757
3.005000	35.768348
3.015000	35.380939
3.025000	34.864393
3.035000	34.218817
3.045000	33.960544
3.055000	33.573135
3.065000	33.185726
3.075000	32.798422
3.085000	32.281877
3.095000	32.023604
3.105000	31.636195
3.115000	30.990619
3.125000	30.861482
3.135000	30.603210
3.145000	30.215800
3.155000	29.699361
3.165000	29.441088
3.175000	29.053679
3.185000	28.795406
3.195000	28.408102
3.210000	27.891557
3.230000	27.245875
3.250000	26.600299
3.270000	25.954617
3.290000	25.309040
3.310000	24.792495
3.330000	24.146813
3.350000	23.759510
3.370000	23.113828
3.390000	22.597282
3.410000	22.080842
3.430000	21.693433
3.450000	21.176888
3.470000	20.789584
3.490000	20.273039
3.510000	19.885629
3.530000	19.369084
3.550000	18.981780
3.570000	18.594371
3.590000	18.206962
3.610000	17.819553
3.630000	17.432249
3.650000	17.044840
3.670000	16.657431
3.690000	16.270022
3.710000	15.882719
3.730000	15.753582
3.750000	15.237037
3.770000	15.107900
3.790000	14.720491
3.810000	14.462324
3.830000	14.204051
3.850000	13.945778
3.870000	13.687506
3.890000	13.429233
3.910000	13.170960
3.930000	12.899805
3.950000	12.602887
3.970000	12.383366
3.990000	12.086341
4.010000	11.892690
4.030000	11.698932
4.050000	11.414895
4.070000	11.247008
4.090000	11.053356
4.110000	10.859599
4.130000	10.665947
4.150000	10.446415
4.170000	10.265635
4.190000	10.059037
4.210000	9.839516
4.230000	9.736218
4.250000	9.529610
4.270000	9.387571
4.290000	8.948539
4.310000	8.599891
4.330000	8.561151
4.350000	8.147946
4.370000	7.954252
4.390000	7.850953
4.410000	7.463576
4.430000	7.399008
4.450000	7.295709
4.470000	6.972889
4.490000	6.998716
4.510000	6.830850
4.530000	6.585501
4.550000	6.585501
4.570000	6.533857
4.590000	6.275595
4.610000	6.288509
4.630000	6.172296
4.650000	6.107728
4.670000	6.043171
4.690000	5.952775
4.710000	5.849477
4.730000	5.836563
4.750000	5.707437
4.770000	5.617052
4.790000	5.552484
4.810000	5.423358
4.830000	5.436272
4.850000	5.332963
4.870000	5.216751
4.890000	5.152193
4.910000	5.087625
4.930000	4.997240
4.950000	4.919758
4.970000	4.855190
4.990000	4.777719
5.010000	4.738978
5.030000	4.674420
5.050000	4.558197
5.070000	4.519467
5.090000	4.467812
5.110000	4.377428
5.130000	4.338687
5.150000	4.261205
5.170000	4.235378
5.190000	4.157906
5.210000	4.106252
5.230000	4.028780
5.250000	4.002953
5.270000	3.964212
5.290000	3.873827
5.310000	3.835086
5.330000	3.783432
5.350000	3.744702
5.370000	3.693047
5.390000	3.641392
5.410000	3.589748
5.430000	3.525180
5.450000	3.499353
5.470000	3.447709
5.490000	3.408968
5.510000	3.370227
5.530000	3.344400
5.550000	3.266929
5.570000	3.254015
5.590000	3.189447
5.610000	3.163620
5.630000	3.111976
5.650000	3.086148
5.670000	3.047407
5.690000	2.995763
5.710000	2.969936
5.730000	2.931195
5.750000	2.892454
5.770000	2.853713
5.790000	2.827897
5.810000	2.789156
5.830000	2.750415
5.850000	2.724587
5.870000	2.672944
5.890000	2.647116
5.910000	2.621289
5.930000	2.582548
5.950000	2.543807
5.970000	2.530904
5.990000	2.492163
6.010000	2.466336
6.030000	2.427595
6.050000	2.401768
6.070000	2.375951
6.090000	2.337210
6.110000	2.311383
6.130000	2.285555
6.150000	2.259728
6.170000	2.233901
6.190000	2.208084
6.210000	2.182257
6.230000	2.143516
6.250000	2.117689
6.270000	2.091861
6.290000	2.078948
6.310000	2.053131
6.330000	2.027304
6.350000	2.001477
6.370000	1.975649
6.390000	1.949822
6.420000	1.923995
6.460000	1.872351
6.500000	1.833610
6.540000	1.794869
6.580000	1.756139
6.620000	1.704484
6.660000	1.665743
6.700000	1.627002
6.740000	1.588272
6.780000	1.562445
6.820000	1.523704
6.860000	1.484963
6.900000	1.459146
6.940000	1.420405
6.980000	1.394578
7.020000	1.355837
7.060000	1.330010
7.100000	1.304193
7.140000	1.274491
7.180000	1.246076
7.220000	1.220260
7.260000	1.193134
7.300000	1.168605
7.340000	1.142778
7.380000	1.119537
7.420000	1.094998
7.460000	1.071758
7.500000	1.051098
7.540000	1.029146
7.580000	1.008485
7.620000	0.987826
7.660000	0.968456
7.700000	0.947796
7.740000	0.929719
7.780000	0.910349
7.820000	0.892271
7.860000	0.875484
7.900000	0.857406
7.940000	0.840620
7.980000	0.825124
8.020000	0.808339
8.060000	0.792842
8.100000	0.777348
8.140000	0.761852
8.180000	0.747648
8.220000	0.734735
8.260000	0.720531
8.300000	0.706327
8.340000	0.693415
8.380000	0.680502
8.420000	0.667590
8.460000	0.655967
8.500000	0.643055
8.540000	0.631434
8.580000	0.619812
8.620000	0.609481
8.660000	0.597860
8.700000	0.587530
8.740000	0.577199
8.780000	0.566870
8.820000	0.556540
8.860000	0.546209
8.900000	0.537170
8.940000	0.528132
8.980000	0.517801
9.020000	0.510054
9.060000	0.501014
9.100000	0.491976
9.140000	0.484229
9.180000	0.475189
9.220000	0.467442
9.260000	0.459694
9.300000	0.451947
9.340000	0.444199
9.380000	0.436451
9.420000	0.429995
9.460000	0.422247
9.500000	0.415791
9.540000	0.409334
9.580000	0.401587
9.620000	0.395130
9.660000	0.388674
9.700000	0.383509
9.740000	0.377053
9.780000	0.370596
9.820000	0.364139
9.860000	0.358975
9.900000	0.353809
9.940000	0.347353
9.980000	0.342188
10.000000	0.337023
20.000000	0.021823
40.000000	0.001369
60.000000	0.000270
80.000000	0.000085
100.000000	0.000035
120.000000	0.000017
140.000000	0.000009
160.000000	0.000005
